10013 1000
10013 1100
10143 200
10143 250
10143 270
10242 19000
10242 20000
10242 2400
10242 2500
10242 2600
10594 1
10796 150
10796 1700
10796 27
10796 290
10796 300
10796 71
10796 81
10796 82
10929 3100
10961 6000
10961 6700
10961 6800
10961 7100
10996 15000
10996 16000
1101 10000
1101 11000
1101 12000
1101 13000
1101 14000
1101 15000
1101 16000
1101 18000
1101 21000
1101 22000
1101 23000
1101 25000
1101 26000
1101 27000
1101 28000
1101 30000
1101 36000
1101 38000
1101 41000
1101 43000
1101 44000
1101 48000
1101 49000
1101 6600
1101 8400
1101 8500
1101 8700
1101 8800
1101 9200
1101 92000
1101 94000
1101 9500
1101 9700
1101 9800
1103 11000
1103 12000
1103 13000
1103 15000
1103 31000
1103 50000
1103 51000
1103 52000
1103 53000
1103 54000
1103 60000
1103 61000
1103 62000
1103 63000
11232 4
11232 490
11232 500
11232 7
1133 20000
11351 8
1136 1000
1136 100000
1136 24000
1136 25000
1136 28
1136 3400
1136 3500
1136 91
1136 980
11403 38
11403 6900
11403 7100
11403 7300
11403 8400
11403 8500
11403 8600
11404 71
11404 72
11404 7200
11404 73
11404 7400
11404 8100
11404 8500
11426 210
11426 220
11426 230
11426 280
11426 83
11426 84
11427 11
11427 1500
11427 580
11427 680
11427 830
11427 840
11572 30000
11572 31000
11796 10000
11796 12000
11796 14000
11796 18000
11814 500
11878 1800
11878 2400
11878 2800
11878 2900
11878 3000
11878 3100
11878 3200
11878 410
11878 430
11878 6300
11878 6400
11878 6500
1205 110
1205 120
1205 130
1205 140
1205 150
1205 160
1205 170
1205 180
1205 190
1205 25
1205 32
1205 38
1205 47
1205 50
1205 55
1205 63
1205 64
1205 7
1205 73
1205 8
12093 25000
12093 260
12093 26000
12161 1
12282 2100
12312 1000
12312 12
12312 13
12312 1600
12312 3100
12312 3200
12312 3800
12312 44
12312 5300
12312 5400
12312 71
12312 860
12322 18000
12322 5600
12322 6500
12337 520
12337 530
12350 1700
12350 920
12353 2000
12353 2500
12353 87
12353 88
12353 8800
12353 8900
12360 17000
1239 14000
1239 40000
1239 41000
1239 9900
1246 23000
12479 1300
12479 1400
12479 1700
12479 2000
12479 290
12479 45
12479 46
12479 6800
12479 6900
12479 8200
12479 8300
12508 15000
1257 140
1257 16000
1257 18000
1257 38000
1257 67000
1257 68000
1257 69000
12570 2000
12570 2900
12570 3000
12570 44
12570 5500
12570 6000
12576 2200
12576 260
1257_39651 31000
1257_39651 32000
1257_39651 34000
1257_39651 35000
1257_39651 7300
1257_39651 7500
12605 1000
12605 1100
12605 470
12605 500
12637 17000
12637 18000
1267 1
1267 1500
1267 190
1267 420
12693 180
12731 8800
12731 9200
12759 20
12767 7
12824 12000
12824 18000
12824 3800
12824 7600
12824 7800
12824 8900
12824 9100
12824 9200
12824 9300
12824 9400
12824 9700
12824 9800
12874 1100
12874 1200
12874 14000
12874 47
12874 48
12874 5500
12874 5600
12876 1
12876 10000
12876 11000
12876 110000
12876 12000
12876 13000
12876 14000
12876 1500
12876 15000
12876 16000
12876 170
12876 17000
12876 180
12876 1800
12876 18000
12876 19000
12876 20000
12876 21000
12876 22000
12876 23000
12876 24000
12876 25000
12876 260
12876 2600
12876 26000
12876 27000
12876 28000
12876 29000
12876 30000
12876 31000
12876 32000
12876 3300
12876 33000
12876 340
12876 3400
12876 34000
12876 350
12876 35000
12876 360
12876 36000
12876 37000
12876 38000
12876 39000
12876 4100
12876 41000
12876 42000
12876 430
12876 43000
12876 440
12876 4400
12876 44000
12876 4500
12876 45000
12876 4600
12876 48000
12876 49000
12876 50000
12876 5100
12876 51000
12876 5400
12876 54000
12876 55000
12876 5600
12876 56000
12876 57000
12876 5800
12876 58000
12876 59000
12876 6
12876 60000
12876 6200
12876 6300
12876 6400
12876 6500
12876 6600
12876 6700
12876 6800
12876 68000
12876 6900
12876 7
12876 7000
12876 7200
12876 7300
12876 7400
12876 7500
12876 7600
12876 7700
12876 8000
12876 8200
12876 8300
12876 8400
12876 8800
12876 89000
12876 9000
12876 90000
12876 91000
12876 9200
12876 930
12876 9300
12876 93000
12876 940
12876 9400
12876 94000
12876 9500
12876 95000
12876 9600
12876 96000
12876 970
12876 980
12876 9800
13022 1900
13022 3800
13022 4100
13022 4200
13022 4900
13022 5100
13030 10000
13030 11000
13030 110000
13030 12000
13030 120000
13030 1300
13030 1400
13030 140000
13030 1500
13030 1600
13030 170
13030 1700
13030 180
13030 20
13030 20000
13030 23000
13030 250
13030 26000
13030 27000
13030 28000
13030 29000
13030 30000
13030 31000
13030 32000
13030 33000
13030 34000
13030 35000
13030 36000
13030 37000
13030 38000
13030 4
13030 40000
13030 41000
13030 45
13030 45000
13030 46
13030 60000
13030 61000
13030 64000
13030 65000
13030 76000
13030 77000
13030 78000
13030 79000
13030 83000
13030 8600
13030 8700
13030 8800
13030 88000
13030 8900
13030 9000
13030 9100
13030 9200
13030 9300
13030 9400
13030 9700
13036 11000
13036 630
13036 660
13036 680
13036 820
13036 830
13036 840
13037 1300
13037 1400
13037 15000
13037 1800
13037 1900
13037 350
13045 3100
131607 270
13188 10000
13188 11000
13188 5500
13188 8800
13188 8900
13213 13
13213 130
13213 140
13213 14000
13213 15000
13213 16000
13213 19000
13213 2900
13213 3700
13213 3900
13213 7
13213 7900
13213 8
13213 8100
13213 8300
132203 2500
132203 2700
132203 3400
132203 3500
132203 7700
132203 7800
132203 8100
132203 8200
132203 8400
132203 8500
132203 9300
133206 300
133206 310
133398 1200
133398 13000
133398 15000
133398 2200
133398 22000
133398 42000
133398 43000
133398 480
133398 8100
133398 840
133398 8400
133398 850
133579 1200
133579 3700
133579 3800
133579 5300
133579 5600
133579 5800
133579 640
133752 1300
134351 10000
134835 630
134835 660
13490 640
13490 650
135330 1
135330 1500
135330 1600
135330 1700
135523 450
135523 460
135523 530
135523 540
135887 70
135887 73
136052 470
136052 510
136052 550
136052 560
136052 570
136170 390
136170 400
13857 12
13977 14000
13977 5300
13977 7000
13977 7100
13977 8100
13977 8300
13977 8500
14007 5300
14007 5400
14007 5500
1403 280
1403 49
14061 0
14061 1
14061 1000
14061 10000
14061 110
14061 1100
14061 11000
14061 1200
14061 130
14061 13000
14061 1400
14061 14000
14061 150
14061 1500
14061 15000
14061 170
14061 1700
14061 17000
14061 180
14061 1800
14061 18000
14061 190
14061 1900
14061 19000
14061 20
14061 200
14061 2000
14061 210
14061 21000
14061 220
14061 2200
14061 22000
14061 23000
14061 240
14061 250
14061 2500
14061 25000
14061 26
14061 260
14061 27
14061 270
14061 2700
14061 28
14061 280
14061 2800
14061 29
14061 290
14061 2900
14061 300
14061 30000
14061 31
14061 3200
14061 3300
14061 33000
14061 340
14061 3400
14061 34000
14061 350
14061 3500
14061 35000
14061 36000
14061 370
14061 37000
14061 380
14061 390
14061 3900
14061 41000
14061 4200
14061 42000
14061 430
14061 4300
14061 43000
14061 44
14061 44000
14061 460
14061 46000
14061 470
14061 4700
14061 480
14061 4800
14061 490
14061 4900
14061 5000
14061 50000
14061 51
14061 5100
14061 51000
14061 52
14061 5200
14061 530
14061 5300
14061 540
14061 5400
14061 550
14061 5500
14061 56
14061 560
14061 5600
14061 57
14061 570
14061 5700
14061 580
14061 5800
14061 590
14061 600
14061 61
14061 610
14061 62
14061 620
14061 6200
14061 630
14061 6300
14061 640
14061 6400
14061 650
14061 6500
14061 660
14061 6600
14061 670
14061 680
14061 6800
14061 69
14061 690
14061 6900
14061 7
14061 70
14061 700
14061 7000
14061 72
14061 730
14061 740
14061 76
14061 760
14061 7600
14061 77
14061 770
14061 7700
14061 78
14061 8000
14061 810
14061 8100
14061 820
14061 8200
14061 830
14061 840
14061 86
14061 860
14061 8600
14061 87
14061 870
14061 880
14061 91
14061 910
14061 92
14061 93
14061 9300
14061 94
14061 9400
14061 96
14061 97
14061 98
140787 560
140787 570
141968 570
141968 580
141968 590
141968 630
141995 1
141995 10000
141995 620
141995 640
141995 650
141995 740
141995 840
141995 850
141995 8700
14536 380
14543 160
14638 400
14987 24
14987 25
15083 2300
15083 2400
15435 0
15435 1
15435 12000
15435 13000
15435 16000
15435 18000
15435 19000
15435 26
15497 8
15594 160
15600 360
15626 12000
15626 17000
15626 18000
15626 1900
15626 2000
15626 22000
15626 25000
15682 1
15682 1100
15682 1200
15682 150
15682 340
15682 370
15704 1
15704 2100
15704 2200
15704 5
15704 7100
15704 7200
15704 7300
15704 7600
15704 7700
15704 7900
15704 8000
15704 8100
15704 8200
15728 9700
15728 9800
15728 9900
15735 1600
15796 1400
15796 800
15796 810
15895 2400
15895 2500
15895 2600
15943 30000
15943 31000
15943 32000
15943 34000
15943 420
15943 460
16019 10000
16019 1200
16019 1800
16019 2300
16019 24000
16019 2500
16019 260
16019 26000
16019 27000
16019 29000
16019 37000
16019 38000
16019 40000
16019 4400
16019 4500
16019 47000
16019 550
16019 560
16019 6400
16019 6500
16019 7
16019 8
16019 8200
16019 8500
16019 870
16019 890
16019 900
16019 9000
16019 9100
16019 9600
16075 2500
16075 300
16075 310
16075 320
16086 140
16086 30000
16086 32000
16086 58
16086 59
16086 60
16086 6600
16086 71
16117 8
16125 16000
16125 17000
16125 38000
16125 39000
16125 40000
16125 44000
16125 47000
16125 50000
16125 51000
16125 57000
16125 60000
16125 61000
16125 8000
16125 8100
16202 190
16202 240
16276 1
16276 100
16276 10000
16276 100000
16276 110
16276 1100
16276 11000
16276 110000
16276 120
16276 1200
16276 12000
16276 130
16276 1300
16276 13000
16276 130000
16276 1400
16276 14000
16276 15
16276 1500
16276 15000
16276 1600
16276 16000
16276 17
16276 1700
16276 17000
16276 1800
16276 18000
16276 1900
16276 19000
16276 2
16276 2000
16276 20000
16276 2100
16276 21000
16276 2200
16276 22000
16276 2300
16276 23000
16276 2400
16276 24000
16276 250
16276 2500
16276 25000
16276 2600
16276 26000
16276 270
16276 2700
16276 27000
16276 280
16276 2800
16276 28000
16276 290
16276 2900
16276 29000
16276 300
16276 3000
16276 30000
16276 310
16276 3100
16276 31000
16276 3200
16276 32000
16276 330
16276 3300
16276 33000
16276 3400
16276 34000
16276 350
16276 3500
16276 35000
16276 360
16276 3600
16276 36000
16276 3700
16276 37000
16276 3800
16276 38000
16276 390
16276 3900
16276 39000
16276 400
16276 4000
16276 40000
16276 4100
16276 41000
16276 42
16276 4200
16276 42000
16276 4300
16276 43000
16276 44
16276 4400
16276 44000
16276 4500
16276 45000
16276 46
16276 4600
16276 46000
16276 47
16276 4700
16276 47000
16276 48000
16276 4900
16276 49000
16276 5000
16276 50000
16276 5100
16276 5200
16276 52000
16276 5300
16276 53000
16276 5400
16276 54000
16276 550
16276 5500
16276 55000
16276 5600
16276 56000
16276 57
16276 570
16276 5700
16276 57000
16276 58
16276 580
16276 5800
16276 59
16276 5900
16276 59000
16276 6
16276 6000
16276 60000
16276 6100
16276 61000
16276 6200
16276 62000
16276 630
16276 6300
16276 640
16276 6400
16276 64000
16276 6500
16276 6600
16276 6700
16276 7
16276 7000
16276 7100
16276 71000
16276 7200
16276 72000
16276 740
16276 750
16276 7500
16276 7600
16276 76000
16276 7700
16276 77000
16276 780
16276 7800
16276 7900
16276 79000
16276 8
16276 8000
16276 810
16276 8100
16276 8200
16276 830
16276 8300
16276 840
16276 8400
16276 84000
16276 85000
16276 860
16276 8600
16276 870
16276 8700
16276 8800
16276 89
16276 890
16276 8900
16276 90
16276 9000
16276 9100
16276 9200
16276 9300
16276 940
16276 9400
16276 9500
16276 9600
16276 9700
16276 97000
16276 980
16276 9800
16276 98000
16276 990
16276 9900
16276 99000
16302 150
16342 1300
16342 250
16391 16000
16509 1
16509 140
16509 150
16509 240
16509 250
16509 270
16509 280
16509 290
16509 320
16509 340
16509 380
16509 400
1653 13000
1653 14000
1653 15000
1653 49000
1653 51000
1653 8300
1653 8800
1653 8900
16591 1300
16591 13000
16591 14000
16591 15000
16591 2000
16591 2100
16591 2200
16591 2300
16591 240
16591 2400
16591 24000
16591 260
16591 2900
16591 490
16591 500
16591 6500
16591 7100
16591 7200
16591 8400
16591 8500
16591 8700
16591 8900
16652 42
16735 660
16735 670
16735 770
1680 1400
17356 260
17356 290
17356 300
174 0
174 1
174 12000
174 140
174 1500
174 18
174 19
174 21000
174 22000
174 23000
174 24000
174 2500
174 2700
174 27000
174 2800
174 29000
174 30000
174 3100
174 32000
174 4400
174 4500
1741 13000
17547 21000
17547 23000
17547 24000
17552 19
17552 68
1759 270
1759 7800
17931 570
17931 720
17931 730
18106 17000
18126 830
18126 840
18126 850
18126 860
1835 12000
1835 13000
1835 14000
1836 270
18390 550
18390 560
18403 2000
18403 3400
18403 4500
18460 12000
18460 16000
18460 18000
18460 20
18460 20000
18460 25000
18624 1700
18624 1800
18624 2000
18624 2600
18747 360
18747 400
18779 21
18978 920
18978 950
18978 960
19045 4800
19045 5100
19165 1000
19165 1100
19318 14000
19318 15000
19437 25000
19437 26000
19437 31000
19437 32000
19437 33000
19437 34000
19437 35000
19437 36000
19437 37000
19437 38000
19437 47000
19437 48000
19624 15000
19624 18000
196682 300
196682 350
196682 370
196682 380
196682 390
196750 26000
196750 27000
196750 5200
197019 11000
197019 13000
197019 2300
197019 250
197019 2500
197019 270
197019 33000
197019 44000
197019 4700
197019 55000
197019 56000
197019 58000
197019 62000
197019 65000
197019 68000
197071 25000
197071 620
197071 630
197071 640
197155 10000
197155 12000
197155 9900
197226 2000
197226 2100
197226 2200
197422 49000
197422 50000
197422 51000
197422 52000
197422 58000
197422 59000
197540 1
197540 1000
197540 10000
197540 11000
197540 1200
197540 12000
197540 1300
197540 13000
197540 1400
197540 14000
197540 15000
197540 1600
197540 16000
197540 170
197540 1700
197540 17000
197540 1800
197540 18000
197540 190
197540 19000
197540 2
197540 200
197540 20000
197540 210
197540 21000
197540 220
197540 2200
197540 22000
197540 2300
197540 23000
197540 2400
197540 24000
197540 25000
197540 26000
197540 27
197540 2700
197540 27000
197540 2800
197540 28000
197540 290
197540 29000
197540 300
197540 3000
197540 30000
197540 310
197540 3100
197540 31000
197540 320
197540 3200
197540 32000
197540 330
197540 3300
197540 33000
197540 340
197540 34000
197540 350
197540 35000
197540 3600
197540 36000
197540 3700
197540 37000
197540 38000
197540 3900
197540 39000
197540 40000
197540 4100
197540 41000
197540 4200
197540 42000
197540 4300
197540 43000
197540 4400
197540 44000
197540 45000
197540 460
197540 46000
197540 470
197540 4700
197540 47000
197540 480
197540 4800
197540 48000
197540 4900
197540 49000
197540 500
197540 50000
197540 5100
197540 51000
197540 5200
197540 52000
197540 530
197540 5300
197540 53000
197540 5400
197540 54000
197540 55000
197540 5600
197540 57000
197540 58000
197540 5900
197540 59000
197540 6000
197540 60000
197540 61000
197540 62000
197540 6300
197540 63000
197540 6400
197540 64000
197540 65000
197540 6600
197540 6700
197540 6800
197540 68000
197540 6900
197540 69000
197540 7
197540 7000
197540 70000
197540 7100
197540 71000
197540 7200
197540 72000
197540 7300
197540 73000
197540 7400
197540 7500
197540 75000
197540 7600
197540 76000
197540 7700
197540 77000
197540 7800
197540 78000
197540 7900
197540 79000
197540 8
197540 8000
197540 8100
197540 81000
197540 8200
197540 82000
197540 8300
197540 8400
197540 84000
197540 850
197540 8500
197540 85000
197540 860
197540 8600
197540 86000
197540 8700
197540 8800
197540 8900
197540 9000
197540 910
197540 9100
197540 9200
197540 9300
197540 940
197540 9400
197540 950
197540 9600
197540 9700
197540 9800
197540 9900
197637 7
197648 2100
197648 2500
197648 3800
197648 3900
197648 5800
197648 6000
197648 6100
197706 20000
197706 35000
197706 36000
197706 37000
197706 38000
197706 43000
197706 46000
197706 47000
197706 49000
197706 53000
197706 62000
197706 65000
197902 1
197922 22000
197922 23000
197922 8000
197922 8100
197988 19
197988 20
198093 11000
198093 12000
198093 13000
198093 16000
198093 17000
198093 18000
198093 20000
198093 21000
198093 25000
198093 26000
198093 27000
198093 29000
198093 30000
198093 31000
198093 32000
198093 34000
198093 36000
198093 37000
198093 38000
198093 87
198093 88
198156 64000
198203 330
198203 520
198385 4
198440 4700
198726 230
198930 12000
198985 19000
199087 30000
199118 140
199246 17000
199246 18000
199246 3100
199246 3200
199246 4100
199246 4400
199246 4500
199246 4600
199246 9400
199246 9500
199662 290
19969 12000
19994 96
19994 97
19994 98
199968 35000
199968 37000
199968 52000
199968 64000
199968 65000
199968 66000
20001 1200
20001 13
20001 14
20001 29
20001 470
20001 7
20001 910
20001 920
200019 1000
200019 10000
200019 1100
200019 11000
200019 12000
200019 1300
200019 1400
200019 17000
200019 1800
200019 18000
200019 1900
200019 2300
200019 2400
200019 250
200019 2500
200019 2600
200019 2800
200019 3200
200019 3300
200019 3400
200019 3500
200019 3600
200019 36000
200019 3700
200019 3800
200019 3900
200019 4000
200019 4100
200019 41000
200019 42000
200019 4300
200019 43000
200019 4500
200019 4600
200019 4700
200019 47000
200019 4800
200019 4900
200019 5000
200019 5100
200019 5500
200019 5600
200019 5700
200019 5800
200019 5900
200019 6000
200019 6100
200019 6200
200019 6300
200019 6400
200019 6500
200019 6800
200019 6900
200019 7000
200019 7100
200019 7200
200019 7400
200019 870
200019 8900
200019 930
200019 9300
200019 940
200019 9400
200019 950
200019 970
200052 49000
200052 50000
200052 51000
200052 52000
200052 54000
200052 58000
200052 68000
200185 1
200185 270
200460 6100
200462 63000
200462 64000
200514 100
200514 97
200514 98
200514 99
200519 1000
200519 1100
200533 33000
200533 34000
200533 63000
200651 10000
200651 11000
200651 12000
200651 13000
200651 14000
200651 15000
200651 16
200651 17
200651 17000
200651 18000
200651 19000
200651 20000
200651 21000
200651 22000
200651 23
200651 23000
200651 24
200651 24000
200651 25000
200651 26000
200651 27000
200651 28000
200651 29000
200651 3100
200651 31000
200651 320
200651 3200
200651 32000
200651 33000
200651 34000
200651 35000
200651 36000
200651 37000
200651 38000
200651 39000
200651 42000
200651 43000
200651 4400
200651 45000
200651 47000
200651 48000
200651 49000
200651 50000
200651 510
200651 520
200651 52000
200651 54000
200651 58000
200651 59000
200651 6
200651 60000
200651 6400
200651 69000
200651 70000
200651 7100
200651 7300
200651 7400
200651 7500
200651 770
200651 780
200651 810
200651 8100
200651 8200
200651 8400
200651 8500
200651 8600
200651 8700
200651 8800
200651 9200
200651 9300
200651 9400
200651 9600
200651 9700
200651 9800
200651 9900
200698 470
200698 530
200698 570
201011 4700
201011 4800
201011 4900
201011 5100
201011 5400
201011 5800
201133 18000
201133 32000
201133 33000
201133 35000
201133 36000
201133 37000
201133 50000
201133 51000
201133 52000
201133 53000
201133 59000
201133 64000
201133 7600
201133 7700
20115 1000
20115 1100
20115 12
20115 1500
20115 160
20115 46
20115 760
20115 810
20115 820
20115 83
20115 84
20115 88
20115 900
20115 910
20115 940
20115 950
201206 21000
201206 24000
201206 25000
201211 49
201308_44679 24000
201308_44679 29000
201308_44679 31000
201308_44679 32000
201401 14000
201682 24000
201682 25000
201682 29000
201682 41000
201682 43000
201682 44000
201814 13000
201814 160
201814 16000
201814 17000
201814 18000
201814 19000
201814 20000
201814 21000
201814 22000
201814 23000
201814 24000
201814 25000
201814 26000
201814 27000
201814 30000
201814 31000
201814 32000
201814 33000
201814 34000
201814 35000
201814 36000
201814 37000
201814 42000
201814 43000
201814 44000
201814 45000
201814 49000
201814 50000
201814 55000
201814 56000
201814 57000
201814 58000
201814 61000
201814 62000
201814 64000
201814 65000
201814 66000
201814 68000
201814 69000
201814 70000
201814 71000
201814 72000
201814 73000
201814 74000
201814 76000
201814 77000
201814 78000
201814 79000
201814 80000
201814 84000
201814 88000
201848 5100
201848 5200
202302 6100
202329 9700
202329 9800
202422 1000
202422 13000
202422 14000
202422 15000
202422 16000
202422 17000
202422 18000
202422 19000
202422 20000
202422 3000
202422 31000
202422 32000
202422 34000
202422 35000
202422 37000
202422 600
202422 610
202422 620
202425 16000
202425 17000
202425 37000
202425 400
202425 410
202425 41000
202425 440
202580 3600
202580 4100
202580 4200
202580 4400
2027 17000
2027 18000
2027 22000
2027 23000
2027 54000
2027 62000
2027 63000
2027 68000
2027 69000
202759 11000
202759 16000
202759 17000
20278 440
20278 450
202914 14000
202914 15000
203020 13000
203020 16000
203020 17000
203020 21000
203020 22000
203020 27000
203087 7200
203087 7400
203087 7500
203363 2700
203363 3300
203363 480
203363 490
203380 1800
203380 1900
203380 2000
203380 20000
203476 180
203476 190
203476 22000
203476 23000
203476 2400
203476 250
203476 2500
203476 260
203476 28
203476 29
203476 4200
203476 4500
203476 4600
203476 4800
203476 4900
203476 5000
203476 5800
203476 7
203523 130
203523 690
203523 740
203953 14000
203953 6500
203953 6700
203953 880
203953 890
203953 900
204057 8100
204057 9200
204057 9700
204057 9800
204092 2
204151 12000
204151 13000
204196 14000
204196 17000
204342 51000
20454 1
204548 5000
204548 5100
204576 6700
204576 6800
204615 60000
20473 0
20473 1
20473 1000
20473 10000
20473 11
20473 1100
20473 120
20473 1200
20473 130
20473 1300
20473 1400
20473 1500
20473 15000
20473 1600
20473 1700
20473 1800
20473 1900
20473 20
20473 210
20473 220
20473 2200
20473 230
20473 2300
20473 240
20473 2400
20473 250
20473 2600
20473 270
20473 2700
20473 290
20473 30
20473 300
20473 3000
20473 31
20473 3100
20473 3200
20473 3300
20473 3400
20473 3500
20473 370
20473 37000
20473 380
20473 38000
20473 400
20473 4100
20473 420
20473 4300
20473 4400
20473 450
20473 46
20473 460
20473 4600
20473 47
20473 470
20473 4900
20473 5000
20473 520
20473 5300
20473 5400
20473 550
20473 5500
20473 560
20473 580
20473 5800
20473 5900
20473 600
20473 6000
20473 67
20473 68
20473 7
20473 7100
20473 7500
20473 770
20473 7800
20473 7900
20473 8300
20473 8500
20473 8600
20473 900
20473 960
204779 4900
204779 5000
204911 32000
204957 0
204957 1
204957 1600
204957 1700
204957 2
204957 3100
204957 4200
204957 4300
204957 4600
204957 480
204957 490
204957 6000
204957 6800
204957 77
204957 8600
204997 10000
204997 11000
205100 110000
205100 120000
205100 27000
205100 28000
205100 32000
205100 34000
205100 37000
205100 38000
205100 39000
205100 40000
205100 43000
205100 44000
205100 46000
205100 47000
205100 51000
205100 52000
205100 54000
205100 56000
205100 57000
205100 58000
205100 59000
205100 60000
205100 61000
205100 62000
205100 63000
205100 64000
205100 65000
205100 67000
205100 68000
205100 69000
205100 70000
205100 71000
205100 72000
205100 73000
205100 74000
205100 75000
205100 77000
205100 78000
205100 81000
205100 82000
205100 83000
205100 84000
205100 85000
205100 86000
205100 87000
205100 91000
205100 92000
205100 93000
205100 96000
205235 1300
205235 1400
205235 5800
205235 6000
205235 6100
205235 6200
205235 6400
205235 7400
205235 7700
205235 8600
205388 1400
205388 6200
205388 6400
205388 6800
205388 7400
205544 290
205544 300
205727 19000
205766 1000
205766 1100
205766 790
206123 30000
206238 1100
206238 1200
206238 1500
206238 1700
206238 1900
206238 21000
206238 24000
206238 260
206238 290
206238 300
206238 3000
206238 3200
206238 3400
206238 42000
206238 620
206238 630
206238 660
206238 670
206264 11000
206264 15000
206264 50000
206264 5300
206264 5400
206264 5500
206446 12000
206774 7100
206774 7200
206804 2400
206804 25000
206804 26000
206804 30000
206804 32000
206804 5900
206804 6300
206804 6700
206804 8900
206804 9000
206804 9100
206804 9500
206804 9900
207083 1300
207083 15000
20712 1200
20712 1300
207143 55000
207143 56000
207143 57000
207143 68000
207143 69000
207143 70000
207279 12000
207279 17000
207279 18000
207279 7500
207279 7600
207408 15000
207408 16000
207459 6700
207459 7700
207459 7800
207560 15000
207560 33000
207651 150
207656 11000
207656 12000
207656 13000
207656 14000
207656 15000
207656 16000
207656 17000
207656 18000
207656 19000
207656 20000
207656 22000
207656 23000
207656 2400
207656 2500
207656 2600
207656 3200
207656 3800
207656 7500
207656 7600
20766 21000
20766 26000
207671 20000
207688 120
207713 12000
207713 5300
207916 4800
207992 18000
207992 20000
207992 34000
207992 38000
207992 39000
207992 40000
207992 42000
207992 43000
207992 50000
207992 51000
207992 61000
208046 1
208046 10000
208046 11000
208046 13000
208046 3200
208046 3300
208046 3400
208046 5400
208046 6500
208046 68000
208046 76000
208046 790
208046 8300
208046 84000
208046 85000
208046 86000
208046 87000
208046 88000
208046 89000
208169 10000
208169 12000
208169 13000
208169 14000
208169 15000
208169 16000
208169 17000
208169 18000
208169 20000
208169 21000
208169 28000
208169 29000
208169 31000
208169 32000
208169 44000
208169 9200
208258 28000
208258 3500
208258 3600
208258 3800
208323 18000
208323 19000
208323 20000
208323 21000
208323 22000
208323 23000
208323 24000
208323 25000
208323 26000
208323 27000
208323 28000
208323 29000
208323 30000
208323 31000
208323 32000
208323 33000
208323 34000
208323 35000
208323 36000
208323 37000
208323 38000
208323 39000
208323 40000
208367 1900
208367 2000
20845 150
20845 1900
20845 2000
20845 29000
20845 32000
20845 33000
20845 6600
20845 6700
20853 390
20853 420
20857 290
20857 310
20857 47000
20857 7
20860 120
20860 17000
20860 26000
20860 52000
20860 53000
20860 9400
208621 11000
208621 12000
208621 26000
208621 28000
208621 29000
208621 30000
208621 31000
208621 32000
208621 33000
208621 34000
208621 35000
208621 36000
208621 42000
208621 43000
208621 46000
20880 300
208942 33000
208942 34000
208942 35000
208942 36000
209 1100
209 11000
209 12000
209 14000
209 15000
209 17000
209 21000
209 22000
209 23000
209 24000
209 25000
209 26000
209 27000
209 28000
209 31000
209 32000
209 340
209 350
209 35000
209 360
209 3800
209 400
209 420
209 42000
209 43000
209 4800
209 680
209 690
20904 14000
20904 15000
209045 16000
209045 17000
20910 1
20910 12000
209366 38000
209366 39000
209366 43000
209366 46000
209400 2600
209400 2800
209582 6200
209582 6300
209582 6400
209605 14000
209641 18000
209641 19000
209696 26000
209805 13000
209805 14000
209835 3600
210083 13
210083 13000
210083 14000
210083 25000
210083 27000
210083 36000
210083 470
210083 5100
210083 6100
210083 6300
210083 6400
210226 33000
210226 34000
210226 35000
210278 2300
210278 2400
210329 4300
210329 4400
21040 5700
21040 6000
210546 38000
210546 40000
210546 41000
210546 42000
210546 8600
210546 9600
210546 9700
210558 10000
210558 11000
210558 12000
210558 18000
210558 19000
210558 20000
210558 22000
210558 23000
210558 24000
210558 25000
210558 26000
210558 28000
210558 29000
210558 30000
210558 33000
210558 34000
210558 35000
210558 36000
210558 37000
210558 38000
210558 3900
210558 40000
210558 43000
210558 44000
210558 45000
210558 46000
210558 47000
210558 49000
210558 58000
210558 60000
210558 7700
210558 8300
210558 8500
210558 8600
210558 8800
210558 8900
210558 9000
210558 9100
210558 9300
210558 9400
210558 9500
210630 1
210630 15000
210630 16000
210630 1900
210630 2000
210630 42000
210630 44000
210630 45000
210630 47000
210630 50000
210630 52000
210630 530
210630 560
210630 610
210630 62000
210630 630
210630 6700
210644 12000
210644 13000
210644 19000
210644 20000
210731 17000
210731 18000
210731 19000
210731 20000
210731 22000
210731 24000
210731 25000
210731 26000
210731 27000
210731 28000
210731 29000
210731 30000
210731 31000
210731 34000
210731 35000
210731 36000
210731 37000
210731 38000
210731 39000
210731 40000
210756 12000
210756 25000
210756 26000
210756 31000
210756 32000
2108 67
2108 68
2108 820
2108 840
2108 860
2108 870
210874 0
21100 16000
211252 13000
211252 15000
211252 16000
211252 19000
211252 20000
211252 21000
211252 22000
211252 24000
211252 25000
211301 21000
211301 320
211301 330
211376 10000
211376 5500
211376 5800
211376 9800
211376 9900
211588 870
211588 880
2116 15000
2116 18000
2116 19000
2116 26000
2116 2700
2116 27000
2116 2800
2116 28000
2116 29000
2116 33000
2116 38000
2116 39000
2116 40000
2116 41000
2116 42000
2116 49000
2116 55000
2116 56000
211619 39000
211619 4600
211619 4700
211619 4800
211720 210000
211748 12000
211748 15000
211748 30000
211748 35000
211760 3100
211760 4500
211760 4900
211760 5300
211857 1300
211895 1
2119 19000
2119 20000
2119 21000
2119 370
2119 380
2119 750
2119 760
212027 0
212027 1
21211 2200
212238 2200
212238 2300
212238 24000
212238 31000
212238 4
212238 4900
212238 5100
212238 5200
212508 1
212508 1300
212508 1400
212508 35000
212508 39000
212508 40000
212520 46000
212520 47000
212520 49000
212520 53000
212520 55000
212520 56000
212520 57000
212520 58000
212520 66000
212520 67000
212520 70000
212520 71000
212520 72000
212520 75000
212520 76000
212520 98000
212520 99000
212531 32000
212531 36000
212531 37000
212531 7
212531 7100
212531 7200
212531 8600
212531 8700
212531 8900
212663 12000
212663 15000
212663 16000
212663 17000
212663 18000
212663 20000
212663 21000
212663 23000
212663 24000
212663 25000
212663 26000
212663 42000
212663 43000
212728 1100
212728 2800
212728 530
213230 11000
213230 13000
213230 17000
213230 390
213230 400
213230 450
213230 5800
213230 5900
213230 7700
213230 7900
213230 8100
213230 8200
213230 8300
213250 20000
213373 13000
213373 18000
213373 19000
213373 20000
213373 21000
213373 50000
213373 53000
21351 10
21351 11
21409 0
21409 1
21409 100000
21409 1200
21409 23000
21409 4500
21409 4600
21409 5900
21409 6000
21409 6200
21409 6400
21409 6500
21409 6600
21409 6700
21473 9000
21473 9100
21473 9200
21499 37000
21499 47000
21499 52000
21499 60000
21499 62000
21499 69000
2202 4800
2202 5200
2202 5600
2202 6200
22047 410
22047 440
22612 21000
22612 22000
22653 2300
22653 3200
22653 3500
22653 3700
22772 1
22773 140
22773 150
22773 1800
22773 190
22773 1900
22773 200
22773 320
22773 520
22773 59
22773 620
22773 640
22773 820
22773 830
22989 4200
22989 4300
23005 5100
23118 3500
23118 3900
23470 14000
23470 18000
23470 24000
23470 26000
23470 2700
23470 2800
23470 3100
23470 3700
23470 4100
23470 4600
23470 4700
23470 4800
23470 4900
23470 6100
23655 38
23655 39
23655 550
23655 710
23655 730
23655 760
23655 770
23655 870
23655 890
23831 86
23831 87
23889 280
23889 310
24560 23
24560 24
24651 6300
24651 7400
24651 7800
24768 10000
24768 11000
24768 12000
24768 13000
24768 8100
24768 8400
24768 8500
24768 8600
24768 9800
24800 14000
24800 35000
24800 36000
24800 37000
24800 52000
24806 290
24872 38000
24872 63000
24872 65000
24875 4800
24875 4900
24875 5000
24940 0
24940 1
24940 10
24940 100
24940 1000
24940 10000
24940 100000
24940 110
24940 1100
24940 11000
24940 110000
24940 120
24940 1200
24940 12000
24940 120000
24940 130
24940 13000
24940 130000
24940 140
24940 1400
24940 14000
24940 140000
24940 1500
24940 15000
24940 150000
24940 160
24940 1600
24940 16000
24940 160000
24940 170
24940 1700
24940 17000
24940 170000
24940 180
24940 1800
24940 18000
24940 190
24940 1900
24940 19000
24940 190000
24940 20
24940 200
24940 2000
24940 20000
24940 210
24940 2100
24940 21000
24940 220
24940 22000
24940 2300
24940 23000
24940 240
24940 2400
24940 24000
24940 250
24940 2500
24940 25000
24940 26
24940 260
24940 2600
24940 26000
24940 27000
24940 28
24940 28000
24940 29
24940 2900
24940 29000
24940 300
24940 3000
24940 30000
24940 310
24940 3100
24940 31000
24940 320
24940 32000
24940 3300
24940 33000
24940 3400
24940 34000
24940 350
24940 3500
24940 360
24940 3600
24940 36000
24940 37000
24940 38
24940 38000
24940 39
24940 39000
24940 4
24940 4000
24940 40000
24940 4100
24940 41000
24940 4200
24940 42000
24940 4300
24940 43000
24940 4400
24940 44000
24940 4500
24940 45000
24940 46000
24940 47000
24940 4800
24940 48000
24940 490
24940 4900
24940 49000
24940 500
24940 5000
24940 50000
24940 510
24940 5100
24940 51000
24940 5200
24940 52000
24940 5300
24940 53000
24940 5400
24940 54000
24940 5500
24940 55000
24940 5600
24940 56000
24940 5700
24940 57000
24940 5800
24940 58000
24940 5900
24940 59000
24940 6000
24940 60000
24940 6100
24940 61000
24940 6200
24940 62000
24940 6300
24940 63000
24940 6400
24940 64000
24940 6500
24940 65000
24940 6600
24940 66000
24940 6700
24940 67000
24940 680
24940 6800
24940 68000
24940 690
24940 6900
24940 69000
24940 7
24940 700
24940 7000
24940 70000
24940 710
24940 7100
24940 71000
24940 7200
24940 72000
24940 7300
24940 73000
24940 7400
24940 74000
24940 75
24940 7500
24940 75000
24940 76
24940 76000
24940 77000
24940 7800
24940 78000
24940 7900
24940 79000
24940 8
24940 80000
24940 8100
24940 81000
24940 82
24940 820
24940 8200
24940 82000
24940 83
24940 8300
24940 83000
24940 84
24940 840
24940 8400
24940 84000
24940 85
24940 850
24940 85000
24940 86
24940 860
24940 8600
24940 86000
24940 87
24940 8700
24940 87000
24940 8800
24940 88000
24940 8900
24940 89000
24940 900
24940 9000
24940 90000
24940 910
24940 9100
24940 91000
24940 92000
24940 9300
24940 93000
24940 940
24940 9400
24940 94000
24940 95000
24940 9600
24940 96000
24940 970
24940 9700
24940 97000
24940 9800
24940 98000
24940 9900
24940 99000
24953 46000
24953 48000
24953 52000
24961 13000
24961 14000
24961 15000
24961 16000
24961 17000
24961 19000
24961 21000
24961 290
24961 30000
24961 320
24961 33000
24961 34000
24961 36000
24961 40000
24961 41000
24961 42000
24961 43000
24961 44000
24961 46000
24961 47000
24961 48000
24961 49000
24961 50000
24961 51000
24961 52000
24961 53000
24961 54000
24961 55000
24961 56000
24961 57000
24961 58000
24961 61000
24961 62000
24961 63000
24961 64000
24961 7300
24961 7500
24961 7600
24961 7800
24961 8400
24961 9000
24971 25000
24971 870
25052 4000
25133 130
2514 1100
2514 1200
2514 1300
2514 150
2514 1500
2514 190
2514 290
2514 630
2516 10000
2516 11000
2519 1600
2519 2100
25198 12000
25198 14000
25229 0
2527 100
25274 1
25353 45000
25353 46000
25353 48000
25406 45
25406 47
25467 6100
25467 7100
25486 11
25596 26
25596 27
25596 4300
25596 4400
25596 8100
25668 520
25668 710
25697 5200
2590 6300
2603 46000
2603 47000
26068 8800
26068 9100
262391 2000
262391 2100
262692 1100
26347 890
26347 900
263812 11000
263812 15000
263812 20000
263812 3200
263812 5300
263812 6000
263812 6300
263812 9300
263812 9400
263812 9600
264617 100000
264617 110000
264617 17000
264617 18000
264617 22
264617 23
264617 65000
264617 67000
264617 69000
264617 70000
264617 76000
264617 90000
26527 140
266123 890
266123 900
26615 39
26615 41
267826 190
26832 11000
26832 1800
26832 1900
26832 2100
26832 270
26832 3500
26832 3600
26832 3800
26832 3900
26832 4300
26832 4500
26832 4900
26832 5400
26832 7800
26832 8100
268482 2600
268482 2700
268482 3200
268482 3300
26932 610
27005 7000
27005 7100
27005 7200
27005 8100
27005 8200
27005 8300
27017 16000
27017 18000
27017 2900
27017 3100
27017 4300
27017 4400
270564 2400
2716 1600
27176 1000
27176 1100
27176 1200
27176 1400
27176 17000
27176 18000
27176 20000
27176 3100
27176 3600
27364 1300
27364 1400
27411 29000
27411 30000
27411 31000
27411 33000
27411 34000
27715 3200
278 11000
278 12000
278 22000
27823 120
27823 140
28142 440
28271 570
28271 590
2856 1400
28573 50
28573 51
28573 510
28573 52
28753 16000
28753 17000
28753 18000
28753 19000
28753 23000
28753 250
28753 28
28753 33000
28753 57000
28753 58000
28753 59000
28753 60000
28753 610
28753 620
28753 79
28753 84000
28753 85000
28760 320
28855 18000
29049 3500
29066 95000
29066 96000
2907 1100
2907 1200
2907 4
29075 15000
29075 16000
29075 20000
29119 49000
29119 50000
29119 52000
29134 10000
29134 12000
29134 15000
29134 16000
29134 17000
29134 5300
29134 5400
29134 6200
29134 6300
29134 6400
29134 9000
29134 9200
29141 12
29169 15
29169 16
29169 250
29169 2800
29169 2900
29169 44000
29169 45000
29182 20
29182 44000
29222 12000
29222 56000
29222 57000
29222 71000
29222 72000
29222 74000
29222 75000
29278 5800
29278 5900
29278 6100
29278 67000
29278 71000
29314 11000
29314 690
29314 700
29314 910
29314 920
29413 1700
29413 1900
29413 2000
29413 94
29413 95
29518 10000
29518 12000
29518 13000
29518 15000
29518 400
29518 410
29518 8100
29551 17000
29551 220
29551 240
29551 600
29551 610
29551 70000
29551 71000
29551 75000
29580 230
29580 260
29670 27
29691 25000
29691 26000
29691 370
29691 380
29691 430
29695 11000
29695 2500
29695 2600
29802 1200
29802 12000
29802 18000
29802 2200
29802 2300
29802 2400
29802 25000
29802 26000
29802 27000
29802 28000
29802 32000
29802 34000
29802 35000
29802 36000
29802 37000
29802 38000
29802 39000
29802 40000
29802 42000
29802 43000
29802 5100
29802 5400
29802 6100
29802 9200
29802 9300
3 16000
3 17000
3 4900
3 590
3 620
30036 310
30036 350
30036 360
30058 1200
30083 35000
30083 36000
30176 3900
30176 4000
30455 13000
30600 4900
30600 8100
30633 22000
30633 23000
30633 28000
30633 7300
30633 7400
30722 820
30722 890
30736 26000
30764 7200
30766 4000
30766 4300
30798 11000
30823 1200
30823 2
30823 23000
30823 3
30823 3500
30823 5600
30836 1500
30836 2700
30836 2800
30836 2900
30836 3100
30836 3200
30836 3300
30836 3400
30836 3500
30836 3600
30836 3900
30836 4700
30836 4800
30836 4900
30836 5600
30836 5700
30836 5800
30836 6100
30836 6200
30836 7200
30836 7300
30836 8300
30836 8400
30860 11000
30860 14000
30860 15000
30860 16000
30860 17000
30860 21000
30860 22000
30860 3000
30860 33000
30860 3700
30860 40000
30860 41000
30860 47000
30860 5000
30860 5300
30860 5500
30860 5600
30860 5700
30860 8400
30860 8800
30860 8900
30860 9000
30860 9500
30860 9600
30900 8400
30900 8900
30900 9400
31012 740
31012 770
31012 780
31027 3900
31034 20000
31034 460
31034 470
31034 520
31034 530
31103 11000
31103 12000
31103 1300
31103 14000
31103 1500
31103 1600
31103 1700
31103 2100
31103 2200
31103 2600
31103 26000
31103 27000
31103 2900
31103 3100
31103 3400
31103 3500
31103 4000
31103 5000
31103 5200
31103 6200
31103 6600
31103 6800
31103 7100
31103 7200
31103 7400
31103 7500
31103 890
31103 900
31103 960
31148 1300
31148 1400
31148 4200
31148 4300
31333 2400
31333 560
31333 570
31371 3100
31371 3600
31371 3700
31798 10000
31798 11000
31798 12000
31798 13000
31798 14000
31798 15000
31798 2800
31798 2900
31798 3000
31798 3100
31798 3200
31798 3300
31798 3600
31798 3700
31798 3800
31798 3900
31798 4000
31798 4900
31798 5100
31798 5300
31798 5400
31798 5500
31798 5600
31798 5800
31798 5900
31798 6200
31798 6300
31798 6400
31798 6500
31798 6600
31798 6700
31798 6800
31798 6900
31798 7000
31798 7100
31798 7400
31798 7500
31798 7600
31798 7800
31798 7900
31798 8000
31798 8100
31798 8200
31798 8300
31798 8400
31798 8500
31798 8700
31798 8800
31798 8900
31798 9000
31798 9100
31798 9200
31798 9300
31798 9700
31798 9800
31798 9900
31863 1900
31863 2000
31898 1
31898 1000
31898 10000
31898 110
31898 1100
31898 11000
31898 110000
31898 1200
31898 12000
31898 1300
31898 13000
31898 1400
31898 14000
31898 1500
31898 15000
31898 16000
31898 1700
31898 17000
31898 1800
31898 18000
31898 1900
31898 20000
31898 21000
31898 2200
31898 2300
31898 23000
31898 240
31898 2400
31898 24000
31898 250
31898 2500
31898 25000
31898 2600
31898 270
31898 2700
31898 2800
31898 290
31898 2900
31898 29000
31898 3000
31898 30000
31898 3100
31898 320
31898 3200
31898 3400
31898 34000
31898 3500
31898 35000
31898 3600
31898 36000
31898 3700
31898 37000
31898 3800
31898 3900
31898 400
31898 4000
31898 40000
31898 4100
31898 41000
31898 420
31898 4200
31898 42000
31898 4300
31898 4400
31898 4500
31898 45000
31898 4600
31898 4700
31898 47000
31898 480
31898 4800
31898 48000
31898 490
31898 4900
31898 49000
31898 5000
31898 510
31898 5100
31898 51000
31898 5200
31898 5300
31898 5400
31898 550
31898 56000
31898 5700
31898 57000
31898 5800
31898 590
31898 5900
31898 600
31898 6100
31898 620
31898 63000
31898 6400
31898 64000
31898 65000
31898 660
31898 670
31898 680
31898 68000
31898 690
31898 7200
31898 730
31898 7300
31898 74000
31898 75000
31898 76000
31898 770
31898 77000
31898 820
31898 8200
31898 830
31898 8400
31898 8500
31898 860
31898 8600
31898 870
31898 8800
31898 8900
31898 9000
31898 9100
31898 9200
31898 9300
31898 95000
31898 9700
31898 980
31898 990
31898 99000
3209 1
3209 10
3209 100
3209 1000
3209 11
3209 110
3209 1100
3209 12
3209 120
3209 1200
3209 1300
3209 1400
3209 150
3209 1500
3209 16
3209 1600
3209 17
3209 1700
3209 180
3209 1800
3209 1900
3209 230
3209 250
3209 2500
3209 260
3209 2700
3209 290
3209 2900
3209 300
3209 3000
3209 310
3209 3100
3209 320
3209 3200
3209 3300
3209 3500
3209 380
3209 3800
3209 400
3209 410
3209 42
3209 420
3209 4300
3209 4400
3209 4500
3209 4600
3209 52
3209 53
3209 570
3209 6900
3209 7
3209 7000
3209 7200
3209 7300
3209 740
3209 760
3209 7700
3209 7800
3209 79
3209 7900
3209 80
3209 8000
3209 84
3209 85
3209 8700
3209 8800
3209 9200
32097 1
32097 13000
32097 14000
32097 17000
32097 2
32097 20000
32097 21000
32097 23000
32097 24000
32097 25000
32097 26000
32097 27000
32097 28000
32097 29000
32097 30000
32097 33000
32097 41000
32097 7500
32097 7700
32097 7800
32097 8000
32097 8100
32097 8400
32097 8900
32097 9600
32097 9700
32133 130
32133 78
32133 79
3214 34000
3214 35000
3215 11000
3215 12000
3215 130
3215 140
3215 14000
3215 150
3215 1800
3215 1900
3215 19000
3215 21000
3215 240
3215 260
3215 290
3215 310
3215 320
3215 37000
3215 39000
3215 4
3215 42000
3215 44000
3215 51000
3215 52000
3215 53000
3215 7
3215 8
3215 840
3215 860
32181 260
32181 26000
32181 290
32181 30000
3223 12000
3223 15000
3223 16000
3223 32000
3223 37000
3223 42000
3223 47000
3223 57000
3223 58000
3223 6100
3223 6200
3223 68000
3223 69000
3223 70000
3223 71000
32329 1400
32329 1500
32338 18000
3242 13000
3242 14000
3243 240
3243 2800
3243 2900
3243 3500
32489 480
32489 510
3249 12000
3249 1700
3249 2200
3257 310
3257 320
3269 11000
3269 12000
3269 1500
3269 1700
3269 1800
3269 2000
3269 2100
3269 2200
3269 260
3269 270
3269 6400
3269 6900
3269 7400
3269 8000
3269 8100
3269 8500
3269 8700
3269 8800
32780 4900
32780 5500
327892 260
327892 270
328110 840
328110 850
328170 750
328170 880
328170 890
328364 1
328364 1000
328364 10000
328364 11000
328364 1600
328364 2500
328364 2700
328364 2800
328364 2900
328364 3100
328364 3200
328364 3300
328364 3500
328364 3600
328364 3700
328364 3900
328364 4000
328364 4600
328364 5500
328364 5600
328364 5700
328364 9400
3292 1600
3292 1700
3292 340
3303 21
3303 270
3303 280
3303 3000
3303 320
3303 3300
3303 810
3303 820
3303 88
3303 89
3303 90
33083 7400
33083 7600
3320 650
33363 17
33363 520
33363 530
33363 540
33387 1
33387 10000
33387 11000
33387 1200
33387 12000
33387 1300
33387 18000
33387 25
33387 2800
33387 28000
33387 34000
33387 36000
33387 5300
33387 5400
33387 5500
33387 6800
33387 7000
33387 7500
33387 7600
33387 7700
33387 7800
33387 8100
33387 8400
33387 9000
33387 9100
33387 9400
3352 1
3352 10000
3352 17
3352 1800
3352 3000
3352 310
3352 3100
3352 350
3352 4800
3352 5100
3352 630
3352 640
3352 7400
3352 880
3352 960
3352 970
3356 1
3356 20000
3356 21000
3356 30000
3356 38000
3356 7000
3356 7300
3356 7400
3356 7800
33588 130
33588 7
33705 25000
33705 40000
33705 44000
33705 49000
33796 27000
33796 36000
33837 1100
33885 2800
33885 3000
33885 6400
33885 6500
33911 4700
33911 4800
33915 5600
33915 5700
33951 700
33951 710
33951 790
34001 27
34011 13000
34011 14000
34011 15000
34011 260
34011 270
34011 4500
34011 4800
34011 5300
34224 13000
34224 14000
34224 15000
34224 16000
34224 17000
34224 220
34224 4100
34224 4200
34224 4400
34224 4800
34224 5600
34224 7500
34224 770
34224 8100
34224 830
34224 8700
34224 8800
34288 3800
34534 970
34534 980
34534 990
3462 20
3462 3
3462 3800
3462 4
3462 4200
3462 430
3462 4400
3462 5
3462 660
3462 670
3462 680
3462 7
34700 580
34700 590
34702 22000
34702 23000
34702 34000
34702 36000
34702 38000
34779 270
34779 280
34779 370
34779 390
34779 3900
34779 400
34779 4000
34779 4100
34779 7500
34779 8500
34779 8600
34878 12000
34878 14000
34971 1900
34971 2000
34971 3600
34971 3700
34971 5500
34989 1200
34989 1400
34989 15000
35100 20000
35277 11000
35277 12000
35277 13000
35277 32000
35277 36000
35277 9800
35366 20
35366 25000
35366 26000
35366 28000
35366 30000
35366 31000
35366 32000
35366 35000
35366 36000
35366 38000
35366 39000
35366 48000
35366 50000
35366 54000
35366 55000
35366 730
35366 790
35366 840
35366 850
35366 860
35425 140
35425 1600
35425 1700
35425 18000
35426 30000
35426 31000
35426 32000
35426 33000
35432 300
35432 310
35434 2100
35434 2200
35470 1800
35470 1900
35518 12000
35518 15000
35518 16000
35575 93000
35575 94000
35592 32000
35592 35000
35592 36000
35592 37000
35592 38000
35592 39000
35592 42000
35592 43000
35592 44000
35592 50000
35592 51000
35592 63000
35592 64000
35592 67000
35592 68000
35612 1900
35661 20
35661 2000
35661 2100
35680 6800
35680 7800
35680 7900
35680 8000
35699 16000
35699 17000
35699 5200
35699 5300
35699 8600
35699 9200
35758 10000
35758 3200
35758 4000
35758 7900
35807 14
35807 15
35807 2300
35807 7
35807 8
35807 9
35913 0
35913 100
35913 1000
35913 10000
35913 1100
35913 11000
35913 12000
35913 13000
35913 14000
35913 1600
35913 1700
35913 180
35913 1800
35913 18000
35913 1900
35913 19000
35913 200
35913 2000
35913 20000
35913 2400
35913 24000
35913 2600
35913 2700
35913 27000
35913 3400
35913 3500
35913 3600
35913 4000
35913 4200
35913 64
35913 65
35913 66
35913 80
35913 800
35913 81
35913 830
35913 840
35913 890
35913 92
35916 10000
35916 1100
35916 12000
35916 1700
35916 1800
35916 2200
35916 2300
35916 2400
35916 2500
35916 2900
35916 3000
35916 3300
35916 3400
35916 3800
35916 3900
35916 4100
35916 4400
35916 4500
35916 480
35916 490
35916 5100
35916 5400
35916 5600
35916 6700
35916 7
35916 7100
35916 7300
35916 8400
35916 8500
36007 0
36007 1
36007 3300
36007 3400
36007 3500
36007 4300
36007 4400
36007 4700
36007 4900
36007 5900
36007 6400
36077 1000
36077 990
36149 1500
36149 710
36149 720
36149 910
36231 27000
36231 28000
36351 250
36351 260
36351 270
36352 0
36352 1
36352 1100
36352 1300
36352 1400
36352 14000
36352 1500
36352 16
36352 1600
36352 1700
36352 180
36352 190
36352 1900
36352 220
36352 230
36352 2400
36352 270
36352 2700
36352 280
36352 290
36352 310
36352 3100
36352 3200
36352 3300
36352 3400
36352 3500
36352 360
36352 370
36352 380
36352 4000
36352 430
36352 450
36352 460
36352 480
36352 500
36352 560
36352 570
36352 580
36352 60
36352 6000
36352 61
36352 6100
36352 620
36352 63
36352 630
36352 64
36352 65
36352 66
36352 670
36352 6900
36352 7000
36352 73
36352 75
36352 8100
36352 8400
36352 890
36352 950
36352 9500
36352 980
36352 990
36472 2800
36493 100
36850 110
36850 140
36850 150
36850 160
36850 21000
36850 27000
36850 28000
36850 36000
3737 100
3758 10000
3758 11000
3758 7100
3758 7200
3758 8500
3758 8600
3758 8800
3758 8900
3758 9000
37684 6100
37684 6600
3790 11000
3790 12000
3790 1800
3790 2
3790 2000
3790 7
3790 8400
3790 8600
38001 23
38001 24
38074 500
38074 510
38074 520
38195 210
38195 590
3842 57
3842 58
38731 1
39013 2300
39013 2600
39013 7900
39013 8300
3927 18000
3927 19000
39287 140
39287 150
39287 15000
39287 16000
39287 17000
39287 1800
39287 1900
39287 2000
39287 20000
39287 21000
39287 22000
39287 23000
39287 2500
39287 25000
39287 680
39287 690
39326 540
39326 550
393408 1700
39351 1
39351 1500
39351 21000
39351 22000
39351 3800
39351 3900
39351 5200
39351 5900
39351 6000
39351 7100
39351 9400
39351 9500
393552 160
39375 2500
39375 2600
39383 20000
393886 12000
393886 17000
393886 24000
393886 25000
393886 26000
393886 27000
393886 29000
39392 12000
39392 14000
39405 27000
39405 28000
39421 27000
39421 28000
39421 30000
39421 31000
39421 32000
39421 34000
39421 35000
39421 36000
39421 37000
39421 38000
39421 39000
39421 40000
39421 41000
39421 43000
39421 46000
39421 47000
39421 48000
39421 58000
39421 60000
39421 62000
39421 64000
394380 14000
394380 21000
394380 24000
394380 4700
394380 4800
394380 9100
394380 9200
394695 5600
394695 5700
395089 1700
395089 2000
395089 2100
395089 2200
395089 2300
395089 2800
395348 24000
39572 7
395823 10000
395823 11000
395853 12000
395853 9200
396089 13000
396097 130
396097 13000
396097 14000
39622 10000
39622 31000
39622 32000
39622 33000
39622 9600
39622 9700
396362 100
396362 110
396362 120
396362 1400
396362 16000
396362 17000
396362 1800
396362 19000
396362 20000
396362 2300
396362 51
396362 58
396362 59
396362 92
39642 1300
39642 1400
39642 14000
396507 10000
396507 12000
396507 13000
396507 14000
396507 15000
396507 16000
396507 17000
396507 18000
396507 19000
396507 20000
396507 21000
396507 22000
396507 23000
396507 24000
396507 25000
396507 26000
396507 27000
396507 28000
396507 30000
396507 34000
396507 35000
396507 38000
396507 7600
396507 7700
396507 9600
396507 9700
396527 30000
396527 31000
396527 32000
396527 33000
396527 34000
396527 35000
396527 37000
396982 30
396982 62
396982 79
396982 790
397270 1600
397270 2200
397270 2400
397270 2500
397270 3800
397373 33000
397423 13000
397423 17000
397423 5400
397444 3200
397444 3700
397715 16000
39798 10000
39798 13000
39798 14000
39798 15000
39798 16000
39798 17000
39798 33000
39798 34000
39798 4300
39798 4400
39798 4500
39798 480
39798 4800
39798 4900
39798 550
39798 5500
39798 5900
39798 7000
39798 9400
39798 9500
39798 9800
39798 9900
398088 11000
398088 15000
398101 11000
398101 14000
398101 15000
398101 2900
398101 3000
398101 3100
398101 5700
398101 7000
398101 7100
398101 9300
39819 2000
39819 2200
398242 1000
398242 14000
398242 960
398355 10000
398355 12000
398355 14000
398355 15000
398355 16000
398355 17000
398355 18000
398355 19000
398355 20000
398355 21000
398355 25000
398355 32000
398355 33000
398355 5000
398355 5400
398355 5600
398355 5800
398355 5900
398355 6000
398355 6200
398355 6300
398355 6400
398355 6500
398355 6600
398355 6700
398355 6900
398355 7300
398355 7400
398355 7500
398355 7700
398355 8000
398355 8100
398355 8300
398355 8400
398355 8600
398355 8700
398355 8800
398355 8900
398355 9100
398355 9200
398355 9400
398355 9700
398355 9800
398779 6700
398779 6900
398779 7000
398986 68000
398986 70000
398986 71000
398986 76000
398986 77000
398986 78000
398986_30456 21000
398986_30456 22000
398986_30456 24000
398986_30456 30000
399122 2500
399122 2600
399122 27000
399122 29000
399122 32000
399122 33000
399471 22000
399471 23000
399471 25000
399471 6800
399471 6900
399471 7600
399471 7700
399471 7900
399486 14000
399493 7
399629 12000
399629 5400
399629 5600
399804 150
40020 1000
40020 1200
40020 1300
40021 0
40021 1
40021 2000
40021 3000
40021 3800
40021 3900
40021 5000
40021 5100
40029 680
40029 740
400298 0
400298 1
400298 15000
400298 16000
400298 20000
400298 26000
400298 30000
400298 4900
400298 8000
400536 2900
400536 3000
400564 9800
40065 1
400682 11000
400682 12000
400682 6600
400682 6800
400682 8000
400682 8100
400682 9700
400682 9800
400682 9900
40138 11000
40138 12000
40244 10000
40244 11000
40244 8600
40244 9000
40244 9100
40676 10000
40676 11000
40676 13000
40676 14000
40676 16000
40676 17000
40676 18000
40676 1900
40676 20000
40676 21000
40676 22000
40676 2300
40676 23000
40676 24000
40676 25000
40676 26000
40676 27000
40676 28000
40676 29000
40676 30000
40676 3200
40676 3300
40676 33000
40676 3400
40676 34000
40676 3500
40676 35000
40676 36000
40676 3700
40676 37000
40676 3800
40676 38000
40676 3900
40676 39000
40676 4000
40676 40000
40676 4100
40676 41000
40676 42000
40676 43000
40676 4400
40676 45000
40676 46000
40676 4700
40676 47000
40676 4800
40676 4900
40676 52000
40676 53000
40676 54000
40676 55000
40676 7000
40676 7200
40676 7300
40676 7600
40676 7700
40676 8700
40676 8800
40676 8900
40994 2500
40994 46000
40994 51000
41011 480
41047 16000
41047 17000
41047 18000
41047 24000
41075 7700
41075 8000
41075 8100
41108 34000
41108 35000
41108 46000
41108 480
41108 48000
41164 110
41164 1100
41164 70
41164 75
41164 89
41164 90
41281 17000
41281 18000
41281 19000
41281 20000
41281 22000
41281 23000
41281 25000
41281 27000
41281 28000
41281 29000
41281 30000
41281 35000
41281 36000
41281 40000
41281 41000
41281 42000
41436 6700
41436 6800
41560 290
41560 300
41560 7100
41560 7500
41585 52
41608 430
41608 560
41608 570
41608 580
41608 6500
41608 7100
41608 7300
41634 48000
41634 53000
41653 8600
41653 8700
41653 8900
41710 23000
4181 2900
42065 1200
42159 17000
42159 23000
42159 24000
42159 39000
42159 42000
42201 140
42201 380
42237 11000
42237 16000
42237 19000
42237 21000
42237 24
42237 27000
42237 29000
42237 31000
42237 33000
42237 34000
42237 36000
42237 39000
42237 41000
42237 44000
42237 4500
42237 4800
42237 97
42237 98
42237 99
4224 13000
4224 14000
4224 15000
4224 16000
4224 1700
4224 17000
4224 18000
4224 19000
4224 2000
4224 20000
4224 21000
4224 22000
4224 23000
4224 2400
4224 24000
4224 25000
4224 26000
4224 27000
4224 28000
4224 2900
4224 29000
4224 3000
4224 30000
4224 3200
4224 32000
4224 33000
4224 36000
4224 41000
4224 5900
4224 6600
4224 7500
4224 7600
4224 9100
4224 9200
4224 9400
4224 9500
42473 25000
42473 26000
42473 27000
42473 38000
42473 39000
42473 42000
42473 43000
42487 12000
42487 13000
42487 18000
42532 4100
42532 4200
42621 250
42621 260
42621 270
42675 1100
42675 1200
42675 28
42675 29
42675 3400
42675 3500
42675 6500
42675 6600
42675 810
42675 820
42675 830
42708 1500
42708 1900
42708 20000
42708 240
42708 2600
42708 3000
42708 410
42708 490
42708 5100
42708 560
42708 70000
42708 71000
42708 72000
42708 8000
42708 8100
42708 9000
42730 0
42730 1
42730 100000
42730 11000
42730 1200
42730 12000
42730 130
42730 1300
42730 13000
42730 1400
42730 15000
42730 1600
42730 16000
42730 18000
42730 19000
42730 20000
42730 25000
42730 27000
42730 29000
42730 30000
42730 31000
42730 38000
42730 39000
42730 44000
42730 45000
42730 47000
42730 49000
42730 6
42730 690
42730 710
42730 75000
42730 79000
42730 8
42730 80000
42730 83000
42730 84000
42730 9000
42730 91000
42730 9300
42730 99000
42748 87
42831 1100
42831 1900
42831 19000
42831 20000
42831 990
42927 33000
42965 3600
43128 1200
43128 1400
43150 13000
43180 7
4319 24000
4319 26000
43289 10000
43289 11000
43289 1200
43289 12000
43289 14000
43289 1500
43289 1600
43289 16000
43289 1700
43289 1800
43289 2900
43289 3100
43289 42000
43289 4300
43289 43000
43289 4400
43289 4500
43289 4600
43289 46000
43289 4700
43289 4800
43289 4900
43289 49000
43289 5000
43289 50000
43289 5100
43289 53000
43289 57000
43289 58000
43289 5900
43289 6000
43289 6100
43289 6200
43289 6300
43289 64000
43289 6500
43289 6600
43289 6800
43289 6900
43289 7100
43289 7200
43289 7500
43289 7600
43289 7700
43289 7800
43289 7900
43289 9100
43289 9700
43289 9900
43317 1600
43317 1700
43317 22000
43317 2500
43317 3200
43317 3300
43317 5000
43317 510
43317 520
43317 530
43317 7300
43317 7400
43317 7600
43317 7700
43317 7900
43341 540
43350 11000
43350 12000
43350 140
43350 23000
43350 31000
43350 40000
43350 42000
43350 46000
43350 74000
43350 75000
43350 81000
43350 82000
43513 1
43513 10000
43513 11000
43513 12000
43513 13000
43513 14000
43513 15000
43513 16000
43513 17000
43513 18000
43513 22000
43513 23000
43513 2500
43513 5
43513 8700
43513 8800
43513 9500
43557 33000
43557 37000
43557 38000
43557 48000
43557 50000
43588 11000
43588 12000
43588 13000
43588 14000
43624 1
43624 11000
43624 19000
43624 20000
43624 3500
43624 3600
43624 450
43624 710
43847 1600
43847 20
43847 79000
43927 220
43927 230
44133 10000
44133 11000
44133 12000
44133 15000
44133 16000
44133 2300
44133 2400
44133 7100
44133 7400
44133 760
44133 770
44133 9300
44133 9500
44176 16000
44176 18000
44176 19000
44222 1
44222 1200
44222 1300
44222 1500
44222 2500
44477 1
44477 10000
44477 11000
44477 12000
44477 140
44477 1700
44477 17000
44477 1800
44477 1900
44477 19000
44477 24000
44477 270
44477 27000
44477 29000
44477 5300
44477 5400
44477 850
44477 8600
44477 9000
44477 9100
44477 9200
44486 15000
44486 32000
44486 340
44486 40000
44486 63000
44489 1300
44489 860
44489 880
44489 890
44592 24000
44592 25000
44592 26000
44592 30000
44592 31000
44592 34000
44592 39000
44679 26000
44679 28000
44709 1000
44709 30000
44709 3400
44709 3800
44709 3900
44709 4000
44709 4300
44709 4400
44709 4500
44709 4600
44709 960
44716 32000
44716 42000
44716 47000
44716 50000
44716 53000
44812 45000
44812 46000
44820 10000
44820 3100
44820 3500
44820 3600
44820 3700
44820 3800
44820 5100
44820 5200
44820 6900
44820 7000
44820 7700
44820 8800
44820 8900
44869 31000
44869 34000
44901 150
44901 28
44925 10000
44925 11000
44925 13000
44925 14000
44925 1500
44925 15000
44925 1600
44925 16000
44925 1700
44925 17000
44925 180
44925 1800
44925 1900
44925 2000
44925 2100
44925 220
44925 2200
44925 2400
44925 24000
44925 270
44925 3300
44925 3400
44925 3500
44925 3600
44925 3800
44925 3900
44925 400
44925 4000
44925 4100
44925 430
44925 4300
44925 4400
44925 4500
44925 4600
44925 4900
44925 5500
44925 7
44925 7100
44925 7200
44925 7700
44925 8500
44925 8800
44925 8900
44925 9600
45007 2200
45007 2300
45011 560
45011 570
45011 700
45011 710
45012 2100
45012 35000
45012 37000
45012 39000
45031 20000
45037 4500
45045 15000
45045 16000
45045 17000
45045 18000
4508 21000
4508 22000
4508 23000
4508 24000
4508 25000
4508 30000
4508 32000
4508 56000
4508 57000
4508 59000
45102 19
45102 20
45102 200
45102 210
45102 32
45102 40
45144 910
45177 430
45177 450
45382 100
45382 23
45382 24
45382 25
45382 27
45382 28
4540 2900
4540 3000
45413 530
45413 590
45570 1800
45570 2000
45731 2100
45731 2200
45731 7200
45731 7400
45731 7700
45758 1100
45758 1200
45758 1400
45758 1500
45758 540
46015 2000
46015 2100
46015 270
46015 290
46375 1200
46375 1400
46375 220
46375 230
46375 450
46375 4800
46375 4900
46375 8500
46475 11000
46475 19000
46475 21000
46475 22000
46475 24000
46475 35
46475 42
46562 6200
46562 6300
46841 10000
46841 11000
46841 34000
46841 4400
46841 4500
46841 45000
46841 46000
46844 16000
46844 17000
46844 18000
46844 19000
46844 21000
46844 22000
46844 23000
46844 24000
46844 25000
46844 26000
46844 27000
46844 28000
46844 2900
46844 29000
46844 3000
46844 30000
46844 3100
46844 31000
46844 32000
46844 33000
46844 34000
46844 35000
46844 36000
46844 37000
46844 38000
46844 39000
46844 40000
46844 41000
46844 42000
46844 43000
46844 44000
46844 50000
46844 51000
46844 53000
4685 7
46997 17000
46997 23000
46997 27000
47066 1600
47066 240
47066 4000
47066 4200
47066 4800
47066 6700
47066 6800
47066 6900
47066 7300
47066 7600
47172 59
47172 8700
47172 9600
4739 380
4739 390
47447 100
47447 110
47447 18000
47447 40000
47447 41000
47447 42000
47447 43000
47447 44000
47447 45000
47447 46000
47447 6000
47447 6100
47447 6500
47447 7200
47482 21000
47482 22000
47482 23000
47482 93
47482 94
47482 95
47544 12000
47544 14000
47544 15000
47570 13000
47570 14000
47570 17000
47570 270
4760 13000
4760 14000
4760 470
4760 480
4760 490
47610 19000
4764 1
4764 1400
4764 1500
4764 160
4764 220
4764 230
4764 290
4764 300
4764 770
4764 780
47674 20
47674 3300
47674 8500
47674 8600
47674 9100
4773 1400
4773 2000
4773 2100
4773 830
4773 840
48031 14000
48031 18000
48031 1900
48031 19000
4804 1
4804 250
4804 270
4804 390
4804 420
48101 2500
48101 410
48101 440
48101 450
48314 1
48314 100
48314 10000
48314 110
48314 130
48314 14000
48314 270
48314 280
48314 320
48314 34000
48314 35000
48314 36000
48314 37000
48314 380
48314 3900
48314 4400
48314 53000
48314 540
48314 580
48314 62
48314 63
48314 6700
48314 6800
48314 7000
48314 820
48347 2000
48347 2500
48347 2600
48347 5300
48438 160
48438 170
48550 2200
48550 2400
48854 640
48854 650
48854 670
48874 6100
48874 6600
48874 6700
48874 6900
48874 7000
48874 7100
48874 8500
48874 9600
48874 9700
48900 140
48900 150
48900 4700
48926 29000
48926 30000
48926 42000
48926 43000
48926 85
48927 72000
48927 73000
48927 76000
49289 300
49289 310
49367 11000
49367 12000
49367 14000
49367 2200
49367 45000
49367 46000
49367 47000
49367 7500
49367 8000
49392 1000
49392 640
49392 860
49392 920
49447 3500
49447 3600
49447 3800
49453 24000
49453 34000
49453 35000
49453 39000
49505 1900
49505 2000
49505 4600
49505 4700
49505 5300
49515 12000
49515 14000
49515 15000
49515 5400
49515 5500
49515 5600
49544 15000
49544 180
49544 21000
49544 22000
49581 25000
49581 28000
49581 2900
49581 3000
49581 35000
49581 36000
49601 4600
49697 22000
49697 24000
49697 26000
49697 28000
49697 29000
49697 30000
49697 31000
49697 32000
49697 37000
49697 42000
49697 44000
49697 45000
49697 47000
49697 52000
49697 58000
49770 240
49770 250
49770 270
49770 3100
49770 3300
49770 3400
49770 3500
49855 14000
49855 32000
49855 33000
49943 2600
49943 3400
49943 4200
49943 4400
49981 0
49981 1
49981 100000
49981 110000
49981 12000
49981 13000
49981 14000
49981 15000
49981 16000
49981 17
49981 17000
49981 18
49981 18000
49981 19000
49981 21000
49981 22000
49981 24
49981 28000
49981 32
49981 33
49981 34
49981 36000
49981 38000
49981 42000
49981 470
49981 480
49981 53000
49981 55000
49981 68000
49981 7300
49981 7400
49981 82000
49981 84000
49981 92000
50060 3100
50060 3300
50113 7500
50182 100
50266 11000
50266 13000
50266 14000
50266 17000
50266 21000
50266 230
50266 26000
50266 29000
50266 32000
50266 4400
50266 59000
50266 60000
50266 6400
50266 88
50266 90
50297 17000
50297 18000
50297 19000
50297 25000
50304 1300
50304 4900
50304 8300
50304 8400
50360 12000
50360 13000
50360 14000
50360 15000
50360 16000
50360 3900
50472 150
50613 1
50613 220
50613 25000
50613 260
50613 33000
50613 35000
50613 36000
50613 37000
50613 41000
50613 42000
50613 6100
50613 6200
50613 6500
50613 7500
50613 7900
50613 8000
50613 8500
50613 9300
50673 14000
50673 15000
50673 22
50673 46000
50673 47000
50673 6000
50673 6100
50673 9600
50673 9700
50673 9800
50821 240
50821 330
50821 340
50867 28000
50867 2900
50867 29000
50867 3000
5089 1600
5089 2200
5089 49
5089 730
5089 770
50979 1500
50979 1600
50979 2500
50979 2600
50979 4000
50979 4400
50979 4600
50979 4800
51043 20
51043 480
51043 550
51059 1000
51059 1100
51167 0
51167 1
51167 100
51167 1000
51167 10000
51167 11000
51167 12000
51167 1300
51167 13000
51167 140
51167 14000
51167 15000
51167 1600
51167 16000
51167 1700
51167 17000
51167 1800
51167 18000
51167 1900
51167 20
51167 2000
51167 20000
51167 2100
51167 21000
51167 22000
51167 23000
51167 26000
51167 27000
51167 280
51167 28000
51167 290
51167 2900
51167 29000
51167 30
51167 30000
51167 31
51167 3100
51167 31000
51167 33000
51167 3500
51167 3600
51167 38000
51167 3900
51167 39000
51167 4000
51167 4100
51167 4300
51167 5100
51167 5200
51167 5300
51167 540
51167 5400
51167 5500
51167 5600
51167 5700
51167 61
51167 6100
51167 6300
51167 64
51167 640
51167 6500
51167 660
51167 6800
51167 7300
51167 7400
51167 7700
51167 780
51167 7800
51167 790
51167 7900
51167 820
51167 830
51167 840
51167 8500
51167 860
51167 8600
51167 870
51167 8700
51167 8900
51167 9000
51167 910
51167 9100
51167 9200
51167 9300
51167 9400
51167 950
51167 96
51167 9600
51167 97
51167 9700
51167 98
51167 990
51262 13000
51265 140
51265 1500
51265 1600
51290 13000
51290 14000
51290 15000
51290 23000
51290 27000
51290 28000
51290 29000
51290 32000
51290 34000
51290 35000
51290 37000
51395 120
51395 12000
51395 130
51395 19000
51395 20000
51395 3200
51395 3300
51395 430
51395 440
51395 450
51395 48000
51395 49000
51395 52000
51395 53000
51395 56000
51538 29
51659 1000
51659 1200
51659 160
51659 170
51659 3500
51659 820
51659 920
51691 15000
51744 760
51744 770
51744 780
51765 15000
51765 17000
51765 18000
51765 19000
51765 3900
51765 4000
51765 4100
51765 4500
51765 4800
51765 4900
51765 6500
51765 6600
51765 6700
51765 7100
51765 7200
51765 7700
51765 8000
51765 8100
51815 38000
51815 39000
51815 40000
51815 45000
51815 46000
51852 1
51852 1000
51852 10000
51852 11000
51852 12000
51852 13000
51852 14000
51852 1500
51852 15000
51852 16000
51852 1700
51852 17000
51852 1800
51852 18000
51852 19000
51852 20000
51852 21000
51852 22000
51852 270
51852 280
51852 2800
51852 28000
51852 29000
51852 3000
51852 330
51852 3400
51852 400
51852 41000
51852 4400
51852 56
51852 57
51852 730
51852 740
51852 75
51852 7500
51852 76
51852 7900
51852 8000
51852 8100
51852 8200
51852 9600
51852 9900
51862 79000
51862 80000
51862 85000
51862 86000
51862 90000
51873 220
52000 12000
52000 16000
52000 17000
52000 4900
52000 5000
52000 5400
52000 5500
52048 21000
52048 22000
52173 17000
52173 21000
52173 22000
52173 25000
52173 26000
52173 28000
52173 40000
52173 41000
52173 7200
52173 7300
52173 8600
52173 9600
52173 9700
52263 270
52423 240
52423 260
52423 36
52423 38
52423 39
52423 5200
52423 5300
52423 5700
52423 5800
52423 6200
52423 6500
52423 6600
52468 680
52468 700
53111 2100
53111 2200
53340 4900
53340 5000
53356 6300
53356 6400
53486 5200
53486 5300
53667 1
53667 100
53667 10000
53667 110
53667 11000
53667 12000
53667 130
53667 13000
53667 14000
53667 1500
53667 15000
53667 1600
53667 16000
53667 1700
53667 17000
53667 180
53667 1800
53667 18000
53667 1900
53667 19000
53667 2000
53667 20000
53667 2100
53667 21000
53667 220
53667 2200
53667 22000
53667 2300
53667 23000
53667 2400
53667 24000
53667 2500
53667 25000
53667 2600
53667 26000
53667 2700
53667 27000
53667 2800
53667 28000
53667 290
53667 2900
53667 29000
53667 30000
53667 3100
53667 31000
53667 3200
53667 3300
53667 33000
53667 3400
53667 3500
53667 35000
53667 360
53667 3600
53667 36000
53667 370
53667 3700
53667 37000
53667 3800
53667 38000
53667 3900
53667 4000
53667 40000
53667 4100
53667 41000
53667 42000
53667 4300
53667 43000
53667 4400
53667 44000
53667 450
53667 4500
53667 45000
53667 4600
53667 4700
53667 4800
53667 4900
53667 510
53667 51000
53667 5200
53667 52000
53667 5300
53667 5400
53667 54000
53667 5500
53667 55000
53667 5600
53667 56000
53667 5700
53667 57000
53667 5800
53667 590
53667 5900
53667 59000
53667 600
53667 6000
53667 60000
53667 610
53667 6200
53667 6300
53667 6400
53667 6500
53667 6600
53667 66000
53667 6700
53667 6800
53667 68000
53667 6900
53667 69000
53667 7000
53667 710
53667 7100
53667 7400
53667 750
53667 7500
53667 760
53667 7600
53667 7700
53667 7800
53667 7900
53667 8000
53667 8100
53667 8200
53667 8300
53667 840
53667 8400
53667 8600
53667 8700
53667 880
53667 8900
53667 900
53667 9000
53667 910
53667 930
53667 9300
53667 93000
53667 9400
53667 94000
53667 9500
53667 95000
53667 96
53667 9600
53667 97
53667 9700
53667 980
53667 9800
5378 13000
53850 480
53850 490
53850 500
53914 3100
5408 20000
5408 2900
5408 4300
5408 4600
5408 5000
5408 5100
5408 5700
5408 5800
54290 1
54290 21000
54290 22000
54290 36000
54290 38000
54290 39000
54290 40000
5432 110
5432 120
5432 130
5432 4
5432 7
54600 3500
5483 1300
5483 1400
5483 7
54858 1
54913 4500
54913 4600
55045 300
55045 310
55045 610
55045 620
55081 38000
55081 40000
55286 35000
55286 36000
55286 37000
55286 38000
55286 39000
55286 42000
55293 13000
55293 14000
553 1800
553 1900
55430 3700
55592 3300
55592 3400
55720 1400
55720 1500
55720 560
55720 660
55720 790
55720 800
55799 2400
559 16000
559 18000
559 20000
559 22000
559 23000
559 24000
559 25000
559 26000
559 28000
559 30000
559 31000
559 35000
559 37000
559 7
55933 480
56030 6000
56030 6100
56030 6200
5606 1100
56067 1300
56067 1400
56067 1900
56067 800
5607 0
5607 1
5607 60
5607 62
5607 68
5607 69
5610 93
5610 94
56153 21
56153 380
56153 430
5617 9300
5617 9400
56322 13000
56322 20
56322 46000
56322 47000
56322 5600
56322 5700
56322 57000
56322 650
56322 660
56322 67000
56322 8200
56322 8300
56322 8400
56322 8500
56322 9100
56322 9200
56381 8000
56382 12000
56382 18000
56382 20
56382 34000
56382 36000
56382 37000
56382 6700
5645 120
5645 220
5645 230
5645 270
5645 450
5645 460
56478 23000
56478 24000
56630 2700
56630 2800
56630 330
56630 340
56630 3700
56630 3900
56630 5100
56630 5600
56630 5700
56630 5800
56630 5900
56630 7300
56630 7600
56655 100000
56655 11000
56655 110000
56655 1200
56655 12000
56655 120000
56655 1300
56655 13000
56655 14000
56655 1500
56655 16000
56655 17000
56655 19000
56655 22000
56655 2300
56655 24000
56655 2500
56655 25000
56655 27000
56655 28000
56655 31000
56655 3200
56655 32000
56655 3300
56655 33000
56655 3500
56655 37000
56655 3800
56655 38000
56655 4000
56655 40000
56655 41000
56655 43000
56655 44000
56655 4500
56655 45000
56655 46000
56655 47000
56655 4800
56655 48000
56655 4900
56655 49000
56655 50000
56655 51000
56655 52000
56655 53000
56655 54000
56655 56000
56655 57000
56655 58000
56655 5900
56655 59000
56655 60000
56655 6100
56655 61000
56655 62000
56655 63000
56655 65000
56655 66000
56655 67000
56655 68000
56655 720
56655 75000
56655 7900
56655 8000
56655 80000
56655 81000
56655 82000
56655 83000
56655 84000
56655 8700
56655 87000
56655 890
56655 900
56655 92000
56655 95000
56655 96000
56694 13000
56694 14000
56803 11000
56803 12000
56803 13000
56803 14000
56803 16000
56803 17000
56803 18000
56803 19000
56803 20000
56803 21000
56803 23000
56803 24000
56803 29000
56803 30000
56803 36000
56803 37000
56803 41000
56803 42000
56803 580
56803 590
56803 7800
56803 8500
56971 0
56971 1
56971 2100
56971 2500
57043 22000
57043 23000
57043 26000
57169 180
57169 190
57169 200
57169 61000
57169 700
57169 710
57191 160
57191 170
57191 190
57269 11000
57269 13000
57269 630
57269 670
57269 690
57269 740
57370 140
57370 150
57381 16000
5769 110
5769 120
5769 270
5769 280
5769 48
5769 7
577 10000
577 11000
577 13000
577 1800
577 2700
577 2800
577 3
577 32000
577 3600
577 380
577 3800
577 38000
577 44000
577 45000
577 48
577 49
577 5500
577 5600
577 9200
577 9300
57707 32000
57707 33000
57717 6500
57717 7200
57811 6100
57811 6200
57858 3400
57858 960
57858 980
57860 67000
57860 77000
57860 78000
57944 39000
57944 56000
57944 63000
57944 64000
58057 27000
58057 32000
58061 190
58061 220
58061 230
58061 36000
58061 37000
58073 48000
58073 54000
58291 7
58294 44000
58294 45000
58294 47000
58294 49000
58507 140
58507 66
58507 76
58507 83
58507 84
59253 10000
59253 11000
59253 1300
59253 13000
59253 14000
59253 5400
59253 5500
59253 5800
59432 140
59432 150
59444 150
59491 1200
59491 48000
59642 55000
59642 58000
59642 60000
59642 69000
59684 680
59684 690
59711 14000
59711 17000
59711 21000
59711 22000
59711 23000
59711 24000
59711 30000
59711 31000
59711 33000
59729 1300
59729 1400
59729 1700
59729 1800
59729 20000
59729 320
59729 330
59729 5000
59729 6600
59729 6700
59729 7200
59729 7400
59729 7500
59729 7600
59729 7700
59741 1
59890 4300
59890 4400
59895 1
60036 35000
60036 37000
60117 15000
60118 19000
60140 110
60140 270
60140 280
60140 350
60140 380
60140 390
60140 400
60140 410
60140 510
60140 520
60140 670
60140 720
60140 730
60140 740
60191 20000
60191 21000
60251 130
60251 140
60404 0
60404 1
60404 10000
60404 1100
60404 110000
60404 1200
60404 130000
60404 1400
60404 14000
60404 140000
60404 1500
60404 15000
60404 1600
60404 1700
60404 1800
60404 1900
60404 19000
60404 2000
60404 2100
60404 2200
60404 2300
60404 23000
60404 2400
60404 24000
60404 2500
60404 2600
60404 26000
60404 2700
60404 27000
60404 2800
60404 29
60404 2900
60404 29000
60404 3000
60404 30000
60404 3100
60404 3200
60404 3600
60404 3700
60404 3800
60404 390
60404 410
60404 4100
60404 4200
60404 43
60404 44
60404 4400
60404 44000
60404 4500
60404 460
60404 4600
60404 470
60404 50
60404 50000
60404 51
60404 5100
60404 5300
60404 53000
60404 54000
60404 5500
60404 56000
60404 590
60404 5900
60404 59000
60404 60
60404 60000
60404 62
60404 6300
60404 6400
60404 65000
60404 66000
60404 7300
60404 75000
60404 770
60404 790
60404 8000
60404 80000
60404 8100
60404 820
60404 850
60404 860
60404 89000
60404 90000
60404 9900
60522 2300
60571 45000
60571 46000
60602 2800
60602 2900
60729 16000
60729 17000
60729 18000
60729 19000
60729 20000
60729 21000
60729 22000
60729 23000
60729 24000
60729 25000
60729 26000
60729 27000
60729 28000
60729 29000
60729 30000
60729 31000
60729 32000
60729 33000
60729 34000
60729 35000
60729 36000
60729 37000
60729 38000
60729 39000
60729 40000
60729 41000
60729 42000
60729 43000
60729 44000
60729 45000
60729 46000
60729 47000
60729 48000
60729 49000
60729 50000
60729 51000
60729 52000
60729 53000
60729 54000
60729 55000
60729 56000
60729 57000
60729 58000
60729 59000
60729 60000
60729 61000
60729 62000
60729 63000
60729 64000
60729 65000
60729 66000
60729 67000
60729 68000
60729 69000
60729 70000
60729 71000
60729 73000
60729 74000
60729 76000
60729 82000
60729 83000
60729 84000
60729 85000
60729 86000
60729 87000
60729 94000
60729 95000
60781 14000
60781 17000
60781 22000
60781 2300
60781 24000
60781 250
60781 260
60781 28000
60781 29
60781 29000
60781 30
60781 30000
60781 310
60781 330
60781 34000
60781 35000
60781 36000
60781 37000
60781 4
60781 40000
60781 41000
60781 42000
60781 49000
60781 5
60781 5000
60781 5200
60781 55000
60781 57000
60781 58000
60781 59000
60781 6
60781 61000
60781 62000
60781 8500
60781 8600
60781 9100
60781 9200
60876 13000
60876 15000
61098 4500
61098 4700
61102 1400
61102 2300
61138 2700
61138 2800
61138 290
61138 310
61138 350
61138 370
61138 600
61138 610
61138 780
61138 820
61138 830
61157 17000
61157 18000
61272 10000
61272 12000
61272 14000
61272 19000
61272 220
61272 240
61272 390
61272 400
61272 5100
61272 5200
61282 13000
61282 14000
61282 15000
61282 21000
61282 22000
61282 23000
61282 25000
61282 27000
61282 29000
61282 30000
61282 31000
61282 33000
61282 34000
61282 35000
61282 37000
61282 39000
61282 41000
61282 44000
61282 45000
61282 46000
61282 49000
61323 2600
61424 1000
61424 10000
61424 1100
61424 11000
61424 12000
61424 1400
61424 1500
61424 25000
61424 27000
61424 8200
61424 9100
61424 9900
61493 310
61493 320
61493 330
61493 360
61493 390
6167 1300
6167 810
6167 820
6181 18000
6181 19000
6181 2400
6181 5900
6181 6000
61998 2000
62000 1500
62000 1600
62000 1800
62000 3400
62000 4300
62000 4400
62000 7000
62005 10000
62005 12000
62005 13000
62005 1800
62005 1900
62005 4
62005 4100
62212 1
62212 14000
62212 4300
62212 4400
62214 4800
62214 6800
62214 6900
62214 7500
62214 8000
62214 8400
62240 270
62240 280
62240 300
62240 38000
62240 40000
62336 12000
62336 13000
62336 4400
62336 4500
62563 20000
62744 10000
62744 11000
62744 12000
62744 1300
62744 13000
62744 14000
62744 15000
62744 1600
62744 16000
62744 17000
62744 18000
62744 19000
62744 20000
62744 22000
62744 4000
62744 4200
62744 4300
62744 4400
62744 4600
62744 5200
62744 5500
62744 5600
62744 5900
62744 6100
62744 6300
62744 6400
62744 7200
62744 7300
62744 7400
62744 7500
62744 7700
62744 7800
62744 8100
62744 8200
62744 8300
62744 8400
62744 8600
62744 8700
62744 8900
62744 9000
62744 9200
62744 9300
62744 9400
62744 9600
62788 4400
62788 5000
62788 5100
62788 5200
63018 1000
63018 25000
63018 26000
63018 6400
63023 24000
63023 25000
63023 26000
63023 27000
63023 36000
63023 40000
63023 52000
63023 55000
63023 56000
63023 59000
63023 60000
63023 67000
63023 69000
63023 72000
63023 75000
63023 76000
6315 6500
63199 630
6327 1100
6327 1200
6327 1900
6327 2000
6327 240
6327 250
6327 260
6327 270
6327 720
6327 730
6327 740
63473 10000
63473 11000
63473 12000
63473 13000
63473 15000
63473 16000
63473 180
63473 3
63473 32000
63473 350
63473 3800
63473 3900
63473 5
63473 6800
63473 7
63473 7300
63473 7400
63473 75000
63473 76000
63473 77000
63473 8100
63473 8500
63473 87000
63473 9600
63930 0
63930 1
63930 6800
63930 6900
63949 1
63949 1000
63949 10000
63949 110
63949 1100
63949 11000
63949 12000
63949 130
63949 1300
63949 13000
63949 140
63949 14000
63949 15
63949 150
63949 1500
63949 15000
63949 160
63949 1600
63949 16000
63949 170
63949 1700
63949 17000
63949 1800
63949 18000
63949 19000
63949 2000
63949 210
63949 2100
63949 220
63949 2200
63949 230
63949 240
63949 24000
63949 250
63949 260
63949 2600
63949 26000
63949 270
63949 27000
63949 28
63949 280
63949 2800
63949 28000
63949 29
63949 290
63949 29000
63949 30
63949 300
63949 3000
63949 30000
63949 31
63949 310
63949 3100
63949 330
63949 340
63949 3400
63949 350
63949 360
63949 370
63949 3700
63949 3800
63949 3900
63949 4
63949 4000
63949 4200
63949 43
63949 4300
63949 44
63949 440
63949 450
63949 460
63949 4600
63949 47
63949 470
63949 4700
63949 480
63949 4800
63949 4900
63949 5
63949 520
63949 5200
63949 530
63949 540
63949 580
63949 590
63949 6
63949 600
63949 610
63949 6100
63949 6200
63949 64
63949 6400
63949 650
63949 660
63949 6800
63949 6900
63949 7
63949 71
63949 72
63949 7200
63949 73
63949 730
63949 7300
63949 750
63949 770
63949 7800
63949 8
63949 8000
63949 830
63949 8500
63949 9200
63949 97
63949 98
63949 980
63949 990
63997 1800
64425 1400
64425 1500
64425 6200
64425 6300
64439 1
6661 41000
6661 42000
6661 5400
6661 5500
6661 5600
6696 4500
6718 12000
6718 13000
6718 15000
6724 1100
6724 120
6724 12000
6724 130
6724 14000
6724 15000
6724 16000
6724 17000
6724 19000
6724 24
6724 24000
6724 25000
6724 260
6724 26000
6724 27000
6724 280
6724 30000
6724 31
6724 31000
6724 380
6724 3800
6724 38000
6724 39000
6724 41000
6724 42000
6724 43000
6724 44000
6724 46000
6724 62000
6724 63000
6724 65000
6730 140
6730 2200
6730 30
6730 4500
6730 5900
6730 6100
6730 7100
6758 56000
6758 57000
6758 7
6772 27
6799 280
680 3100
680 3200
680 3300
680 33000
680 34000
680 3500
680 35000
680 52000
680 5300
680 53000
680 5400
680 57000
680 72000
680 7300
680 75000
680 7600
680 76000
680 94
6830 11000
6830 130
6830 140
6830 1900
6830 20
6830 360
6830 40
6830 41
6830 42
6830 43
6830 47
6830 48
6830 49
6830 50
6830 7
6871 4100
6871 5
6871 650
6871 660
6876 160
6939 12000
6939 14000
6939 15000
6939 20000
6939 21000
6939 3200
6939 3400
6939 3600
6939 5800
6939 6100
6939 6500
6939 6600
6939 6900
6939 7000
6939 7100
6939 7400
6939 7500
6939 8300
6939 8400
6939 8700
6939 9000
6939 9200
6939 9300
701 11000
701 1200
701 12000
701 13
701 1300
701 13000
701 15
701 17000
701 22000
701 24000
701 25000
701 260
701 27
701 28
701 2900
701 3000
701 3100
701 31000
701 3200
701 32000
701 33000
701 3800
701 390
701 4100
701 4200
701 4300
701 450
701 4500
701 47
701 4700
701 48
701 500
701 5500
701 5800
701 600
701 6200
701 6300
701 640
701 6400
701 6500
701 6900
701 7
701 700
701 7000
701 710
701 720
701 760
701 770
701 780
701 79
701 8300
701 8400
701 8500
701 8600
7018 230
7018 260
7018 3300
7029 1400
7029 1500
7029 5100
719 18000
719 2900
7195 3200
7195 3300
7195 3400
7195 3500
7303 15
7303 16
7303 17
7418 1100
7418 1200
7418 2200
7418 2300
7418 2900
7418 3300
7418 570
7418 600
7418 630
7506 1
7506 520
7506 530
7506 540
7545 120
7545 180
7545 190
7545 200
7545 220
7545 290
7545 340
7545 38
7545 39
7545 390
7545 400
7545 410
7545 420
7545 480
7562 7900
7562 8000
7684 260
7684 310
7684 320
7725 12000
7765 30
7765 31
7765 32
786 2700
786 2800
7922 1800
7922 1900
7922 310
7922 390
7922 4700
7922 4800
7922 5000
803 6000
803 6100
8100 1
8100 25000
8100 26000
8100 28000
8151 1000
8151 590
8151 600
8151 640
8151 9100
8151 9200
8151 93
8151 94
8151 990
823 14000
823 9200
8251 3300
8251 3800
8251 4100
8283 10000
8283 11000
8283 13000
8283 15000
8283 16000
8283 8700
8339 5400
8339 5500
8339 6000
8339 6100
8342 7300
8342 8200
8371 5100
8371 5200
8371 7
8412 1500
8412 1600
8412 190
8412 20
8412 290
8412 300
8412 3600
8412 4000
8422 87
8422 92
8422 93
8437 27
8437 98
8437 99
8447 100
8447 94
8447 95
8473 1
8473 11000
8473 130
8473 13000
8473 140
8473 14000
8473 1600
8473 1700
8473 1800
8473 1900
8473 19000
8473 21000
8473 2200
8473 2500
8473 25000
8473 27000
8473 2800
8473 28000
8473 3200
8473 3300
8473 3600
8473 36000
8473 3700
8473 37000
8473 3800
8473 38000
8473 3900
8473 39000
8473 4000
8473 4100
8473 4300
8473 4500
8473 4700
8473 48
8473 49
8473 4900
8473 49000
8473 5000
8473 50000
8473 5400
8473 5700
8473 5800
8473 62000
8473 64000
8473 65000
8473 660
8473 670
8473 7400
8473 74000
8473 80000
8473 90000
8473 940
852 1
852 1000
852 1100
852 1200
852 1700
852 20000
852 2400
852 250
852 2600
852 2700
852 27000
852 28000
852 3000
852 8600
852 8700
852 900
852 910
852 950
8553 7
8560 1000
8560 10000
8560 100000
8560 11
8560 11000
8560 110000
8560 12000
8560 13000
8560 14000
8560 1500
8560 15000
8560 160
8560 1600
8560 16000
8560 17000
8560 18000
8560 19000
8560 20000
8560 21000
8560 22000
8560 23000
8560 2400
8560 24000
8560 2500
8560 25000
8560 2600
8560 26000
8560 27000
8560 28000
8560 29000
8560 30000
8560 3100
8560 31000
8560 32000
8560 33000
8560 3400
8560 34000
8560 3500
8560 36
8560 36000
8560 37000
8560 3800
8560 38000
8560 3900
8560 39000
8560 40000
8560 4100
8560 41000
8560 4200
8560 42000
8560 43000
8560 44000
8560 4500
8560 45000
8560 46000
8560 47000
8560 4800
8560 48000
8560 490
8560 4900
8560 49000
8560 50000
8560 51000
8560 52000
8560 530
8560 5300
8560 53000
8560 54000
8560 55000
8560 5600
8560 56000
8560 5700
8560 57000
8560 5800
8560 58000
8560 5900
8560 59000
8560 60000
8560 610
8560 61000
8560 6200
8560 6300
8560 64000
8560 65000
8560 66000
8560 67000
8560 6800
8560 68000
8560 69
8560 6900
8560 69000
8560 7
8560 72
8560 7200
8560 73000
8560 7400
8560 74000
8560 7600
8560 7700
8560 78000
8560 7900
8560 79000
8560 8000
8560 80000
8560 8100
8560 8200
8560 8300
8560 83000
8560 8400
8560 8800
8560 8900
8560 9300
8560 9400
8560 9600
8560 9700
8560 97000
8560 9800
8560 9900
8612 120
8612 260
8612 43
8612 70
8632 4
8648 2500
8648 2600
8708 2700
8708 2800
8708 620
8717 260
8717 270
8758 11000
8758 250
8758 3400
8758 3500
8758 3600
8758 71
8758 72
8764 0
8764 12000
8764 13000
8767 1500
8767 1600
8767 2300
8767 4600
8767 4800
8767 4900
8767 5000
8767 510
8767 530
8767 58
8767 6500
8767 6700
8829 14000
8829 15000
8829 18000
8829 470
8873 18000
8873 19000
8881 1
8881 1000
8881 110
8881 1100
8881 1200
8881 130
8881 1400
8881 150
8881 180
8881 1800
8881 1900
8881 200
8881 210
8881 2200
8881 24
8881 2400
8881 26
8881 2800
8881 2900
8881 340
8881 3400
8881 3500
8881 360
8881 3600
8881 4100
8881 4200
8881 4300
8881 4400
8881 4500
8881 4600
8881 500
8881 520
8881 530
8881 540
8881 5700
8881 5800
8881 5900
8881 6000
8881 62
8881 650
8881 660
8881 680
8881 88
8881 89
8881 90
8881 91
8881 94
8881 950
8881 960
8881 98
8916 3200
8943 1200
8943 1300
8943 3400
8943 3600
8943 40000
8943 43000
8943 4400
8943 47000
8943 6900
8943 80
8943 82
8943 9000
8972 150
8972 160
8972 18
8972 21000
8972 30000
8972 40000
8972 45000
8972 4700
8972 47000
8972 4800
8972 49000
8972 50000
8972 51000
8972 5300
8972 5400
8972 5700
8972 60000
8972 6300
9 1600
9008 11000
9008 12000
9008 14000
9009 1000
9009 10000
9009 110
9009 11000
9009 120
9009 1200
9009 1300
9009 140
9009 1400
9009 150
9009 1600
9009 170
9009 18
9009 200
9009 2000
9009 210
9009 220
9009 2200
9009 230
9009 2300
9009 240
9009 24000
9009 2500
9009 26000
9009 2700
9009 27000
9009 29000
9009 31000
9009 3200
9009 360
9009 39000
9009 4
9009 460
9009 490
9009 4900
9009 530
9009 630
9009 6400
9009 6500
9009 7200
9009 7500
9009 7600
9009 8600
9009 960
9009 970
9031 740
9031 750
9031 760
9044 12000
9044 13000
9050 13000
9050 16000
9050 17000
9050 18000
9050 19000
9050 690
9050 740
9050 7500
9050 7700
9063 200
9066 280
9070 14000
9070 15000
9070 16000
9070 4300
9070 4400
9105 120
9105 130
9125 350
9125 360
9145 150
9145 180
9145 220
9145 2600
9145 2900
9145 3300
9145 3500
9145 360
9145 3800
9145 4400
9269 11
9269 18
9269 19
9269 20
9304 340
9370 110
9370 30
9370 31
9371 1200
9371 84
9371 85
9443 210
9443 220
945 6900
9790 400
9790 410
9829 130
9829 380
9829 600
9924 180
9924 190
