10010 3900
10143 390
10143 400
10143 480
10242 23000
10594 3
10796 0
10796 1
10796 130
10796 33
10796 530
10796 55
10796 56
10796 9
10929 3400
10929 3500
10961 6800
10961 6900
10961 7000
10996 10000
1101 10000
1101 11000
1101 120000
1101 140000
1101 160000
1101 170000
1101 32000
1101 34000
1101 38000
1101 39000
1101 43000
1101 44000
1101 47000
1101 48000
1101 49000
1101 51000
1101 60000
1101 61000
1101 6300
1101 6400
1101 64000
1101 6600
1101 66000
1101 6700
1101 6900
1101 69000
1101 7000
1101 7100
1101 7200
1101 72000
1101 7300
1101 7400
1101 74000
1101 7500
1101 75000
1101 7600
1101 79000
1101 8200
1101 8300
1101 8800
1101 8900
1101 9000
1101 9100
1101 9200
1101 9300
1101 9500
1102 51000
1102 52000
1102 53000
1103 100000
1103 40000
1103 41000
1103 43000
1103 44000
1103 4700
1103 5500
1103 5600
1103 70000
1103 73000
1103 75000
1103 76000
1103 88000
1103 89000
1103 90000
1103 91000
1103 92000
1103 97000
1103 98000
1103 99000
11232 6
11232 9
1133 23000
11351 11
11351 730
11351 740
11351 750
11351 770
11351 780
1136 110
1136 120
1136 130000
1136 140000
1136 180
1136 19000
1136 21000
1136 22000
1136 400
1136 420
1136 7300
1136 7600
1136 7700
1136 7800
1136 7900
1136 8100
11403 14000
11403 45
11403 46
11404 13000
11404 14000
11426 110
11426 180
11426 190
11426 370
11426 3800
11426 4500
11426 460
11426 81
11426 82
11426 8300
11426 8400
11426 8500
11427 1200
11427 13
11427 14
11427 560
11427 6200
11427 6300
11427 6500
11427 6600
11427 740
11427 750
11427 96
11427 97
11427 990
11492 1400
11492 1500
11572 34000
11572 38000
11572 39000
11572 40000
11776 1200
11796 11000
11814 1300
11878 12000
11878 1300
11878 14000
11878 540
11878 550
11878 5500
11878 560
11878 5600
11878 570
11878 5700
11878 600
11878 610
11878 620
1205 10
1205 11
1205 12
1205 130
1205 140
1205 150
1205 160
1205 170
1205 180
1205 190
1205 200
1205 210
1205 220
1205 230
1205 240
1205 250
1205 270
1205 280
12083 1300
12093 410
12093 80000
12093 81000
12093 82000
12119 6300
12119 6400
12161 14000
12161 15000
12282 1900
12282 2000
12282 2100
12312 3400
12312 4100
12312 42
12312 43
12312 4300
12312 44
12312 66
12312 67
12312 950
12312 990
12322 13000
12322 24000
12322 28
12337 320
12337 350
12337 380
12337 390
12337 420
12338 4900
12338 5200
12338 5300
12338 8400
12338 8500
12350 110000
12350 120000
12353 120
12353 130
12353 1400
12360 15000
12360 18000
12360 19000
1239 14000
1239 17000
1239 18000
1239 19000
1239 37000
1239 38000
1241 600
1241 610
12417 3600
12479 440
12479 480
12479 490
12479 56
12479 57
12479 570
12479 580
12479 710
12508 23000
12552 14000
12552 16000
1257 180
1257 72000
1257 74000
1257 75000
1257 76000
1257 77000
1257 8800
1257 8900
1257 9000
12570 55
12570 56
12576 2200
12576 2300
12576 510
1257_39651 34000
1257_39651 35000
1257_39651 37000
1257_39651 6500
1257_39651 6600
1257_39651 6700
1257_39651 6800
12605 540
12605 560
12637 20000
12637 21000
1267 1300
1267 280
1267 3600
1267 3700
12731 11000
12731 12000
12759 2700
12759 2800
12759 2900
12767 8
12810 1200
12817 2000
12817 2100
12824 11000
12824 12000
12824 120000
12824 13000
12824 14000
12824 140000
12824 15000
12874 1500
12874 1600
12874 29000
12874 30000
12874 5900
12874 61
12874 6100
12874 6200
12874 64
12874 6400
12876 10000
12876 1100
12876 11000
12876 1200
12876 12000
12876 1300
12876 13000
12876 130000
12876 1400
12876 14000
12876 1500
12876 15000
12876 160
12876 16000
12876 1700
12876 17000
12876 180
12876 1800
12876 18000
12876 1900
12876 19000
12876 20
12876 2000
12876 20000
12876 2100
12876 21000
12876 22000
12876 230
12876 23000
12876 24000
12876 25000
12876 26000
12876 27000
12876 2800
12876 28000
12876 29000
12876 300
12876 30000
12876 31000
12876 3200
12876 32000
12876 3300
12876 33000
12876 34000
12876 35000
12876 36000
12876 3700
12876 37000
12876 380
12876 3800
12876 38000
12876 390
12876 3900
12876 39000
12876 40000
12876 41000
12876 420
12876 42000
12876 430
12876 43000
12876 4400
12876 44000
12876 450
12876 4500
12876 45000
12876 4600
12876 46000
12876 470
12876 480
12876 48000
12876 4900
12876 49000
12876 500
12876 50000
12876 520
12876 530
12876 5600
12876 56000
12876 5700
12876 5800
12876 58000
12876 5900
12876 600
12876 6000
12876 60000
12876 6100
12876 6200
12876 62000
12876 6300
12876 63000
12876 6500
12876 6600
12876 6700
12876 6800
12876 68000
12876 6900
12876 7000
12876 70000
12876 7100
12876 7200
12876 72000
12876 7300
12876 7400
12876 7500
12876 7600
12876 76000
12876 7700
12876 7800
12876 790
12876 7900
12876 79000
12876 800
12876 8000
12876 810
12876 8100
12876 81000
12876 820
12876 8200
12876 8300
12876 8400
12876 8500
12876 8600
12876 8700
12876 8800
12876 88000
12876 890
12876 8900
12876 89000
12876 9000
12876 90000
12876 9100
12876 91000
12876 9400
12876 9500
12876 960
12876 9600
12876 970
12876 9700
12897 240
13022 1500
13022 1600
13022 1700
13022 2200
13022 2300
13022 3400
13022 3500
13022 930
13030 10
13030 10000
13030 100000
13030 11000
13030 110000
13030 12000
13030 120000
13030 13000
13030 1400
13030 14000
13030 140000
13030 150000
13030 180000
13030 19000
13030 20
13030 21000
13030 22000
13030 23000
13030 2600
13030 29000
13030 300
13030 30000
13030 31000
13030 320
13030 32000
13030 330
13030 37
13030 370
13030 37000
13030 410
13030 420
13030 43000
13030 44000
13030 45
13030 45000
13030 48000
13030 49000
13030 51
13030 51000
13030 52
13030 53
13030 53000
13030 54
13030 57000
13030 58000
13030 590
13030 59000
13030 600
13030 60000
13030 62000
13030 63000
13030 6600
13030 66000
13030 6700
13030 6900
13030 7000
13030 7100
13030 7800
13030 7900
13030 8000
13030 8100
13030 82000
13030 83000
13030 8400
13030 9
13030 9300
13030 98000
13036 11000
13036 370
13036 380
13036 410
13036 420
13036 760
13036 770
13036 800
13037 1
13037 14000
13037 15000
13037 210
13037 360
13037 4300
13037 480
13037 490
13045 2100
13045 2200
13046 5400
13046 6100
13046 6200
131627 590
131627 610
13188 11000
13188 4300
13188 4400
13213 10000
13213 2400
13213 24000
13213 2600
13213 2700
13213 29000
13213 320
13213 330
13213 380
13213 38000
13213 4900
13213 5000
13213 6900
13213 7000
13213 9300
13213 9900
132203 11000
132203 12000
132203 20
132203 2800
132203 2900
132203 3000
132203 4100
132203 4200
132203 4300
13306 8200
13306 8300
13306 8900
13306 9000
133159 7200
133159 7300
133206 470
133206 580
133296_132967 1
133398 1000
133398 10000
133398 1200
133398 12000
133398 22000
133398 23000
133398 2900
133398 3000
133398 3700
133398 3800
133398 4900
133398 5800
133398 6400
133398 6500
133579 12000
133579 1500
133579 1600
133579 1700
133579 4200
133579 4300
133579 7600
133579 7700
133752 6200
133752 6300
134351 47000
134351 48000
134351 49000
134512 790
134512 850
134512 890
134835 3200
134835 3500
135330 700
135330 820
135523 1000
135523 910
135523 920
135523 950
135523 960
135887 480
136052 2400
136052 2500
136052 2600
136052 390
136052 400
136052 650
136052 690
136170 180
136170 190
136170 240
13692 15000
13692 16000
13830 1200
13830 5900
13830 970
13830 980
13857 14
13857 15
13977 28000
13977 29000
13977 7500
13977 7600
13977 8400
13977 8500
14007 15000
14007 16000
1403 200
1403 210
1403 460
1403 540
14061 0
14061 1
14061 10
14061 100
14061 1000
14061 10000
14061 100000
14061 110
14061 1100
14061 11000
14061 120
14061 1200
14061 12000
14061 1300
14061 13000
14061 130000
14061 140
14061 1400
14061 14000
14061 15000
14061 150000
14061 160
14061 16000
14061 17
14061 170
14061 1700
14061 17000
14061 180
14061 1800
14061 18000
14061 1900
14061 19000
14061 20
14061 2000
14061 20000
14061 21
14061 210
14061 2100
14061 21000
14061 22
14061 220
14061 22000
14061 2300
14061 2400
14061 24000
14061 250
14061 25000
14061 2600
14061 26000
14061 270
14061 2700
14061 27000
14061 280
14061 2800
14061 28000
14061 290
14061 29000
14061 3
14061 30
14061 30000
14061 31
14061 3100
14061 31000
14061 32
14061 320
14061 3200
14061 330
14061 3300
14061 34
14061 340
14061 3400
14061 34000
14061 35
14061 350
14061 35000
14061 36
14061 360
14061 36000
14061 370
14061 380
14061 3800
14061 3900
14061 4
14061 400
14061 40000
14061 4100
14061 41000
14061 420
14061 430
14061 4300
14061 440
14061 44000
14061 45000
14061 4600
14061 47
14061 470
14061 4700
14061 47000
14061 480
14061 4800
14061 48000
14061 490
14061 4900
14061 49000
14061 5000
14061 50000
14061 51000
14061 520
14061 52000
14061 53
14061 530
14061 54
14061 540
14061 55
14061 5500
14061 56000
14061 570
14061 57000
14061 580
14061 5800
14061 590
14061 60
14061 600
14061 6000
14061 60000
14061 61
14061 610
14061 6100
14061 62000
14061 630
14061 640
14061 6400
14061 65
14061 650
14061 6500
14061 660
14061 670
14061 6800
14061 68000
14061 690
14061 69000
14061 700
14061 7000
14061 710
14061 720
14061 7200
14061 730
14061 7300
14061 740
14061 750
14061 76
14061 77
14061 78
14061 780
14061 80
14061 81
14061 820
14061 8200
14061 830
14061 8300
14061 8400
14061 84000
14061 8500
14061 8600
14061 8700
14061 89
14061 89000
14061 90
14061 900
14061 90000
14061 9100
14061 930
14061 9400
14061 950
14061 960
14061 96000
14061 970
14061 9700
14061 97000
14061 98
14061 980
14061 9800
14061 99
14061 990
14061 9900
140787 930
140787 940
141968 1000
141968 1100
141995 7400
141995 7700
141995 7800
14315 16000
14315 28000
14536 20
14543 220
14543 230
14638 280
149010 1300
14987 45
14987 46
14987 54
15435 38
15497 9
15547 200
15547 210
15547 220
15594 310
15594 320
15594 340
15600 370
15600 380
15626 15000
15626 16000
15626 17000
15626 18000
15626 680
15626 730
15626 880
15626 930
15626 940
15659 20000
15682 700
15682 710
15682 760
15704 1300
15704 1900
15704 2000
15704 4300
15704 5400
15728 10000
15728 9700
15735 1700
15735 1800
15796 460
15796 470
15796 7200
15796 7300
15895 2400
15895 2500
15895 2600
15895 2700
15943 1100
15943 11000
15943 110000
15943 12000
15943 2000
15943 22000
16019 10000
16019 11000
16019 20000
16019 27000
16019 31000
16019 32000
16019 3400
16019 3500
16019 3700
16019 3800
16019 3900
16019 4200
16019 4600
16019 46000
16019 4700
16019 4900
16019 5000
16019 5200
16019 5800
16019 6500
16019 6600
16019 9
16075 1900
16075 2000
16075 560
16075 570
16086 140
16086 150
16086 31000
16086 320
16086 35000
16086 5500
16086 6300
16086 6800
16086 7300
16086 790
16086 80
16086 800
16086 83
16086 84
16086 85
16117 9
16125 26000
16125 29000
16125 30000
16125 65000
16125 7100
16125 7500
16125 83000
16125 84000
16125 9100
16125 9300
16125 9400
16276 0
16276 1
16276 10
16276 100
16276 10000
16276 100000
16276 1100
16276 11000
16276 110000
16276 1200
16276 12000
16276 120000
16276 130
16276 1300
16276 13000
16276 130000
16276 140
16276 1400
16276 14000
16276 140000
16276 15
16276 150
16276 1500
16276 15000
16276 150000
16276 16
16276 160
16276 1600
16276 16000
16276 160000
16276 170
16276 1700
16276 17000
16276 170000
16276 180
16276 1800
16276 18000
16276 180000
16276 190
16276 1900
16276 19000
16276 190000
16276 200
16276 2000
16276 20000
16276 210
16276 2100
16276 21000
16276 220
16276 2200
16276 22000
16276 23
16276 2300
16276 23000
16276 240
16276 2400
16276 24000
16276 250
16276 2500
16276 25000
16276 2600
16276 26000
16276 2700
16276 27000
16276 280
16276 2800
16276 28000
16276 290
16276 2900
16276 29000
16276 3000
16276 30000
16276 310
16276 3100
16276 31000
16276 32
16276 320
16276 3200
16276 32000
16276 33
16276 330
16276 3300
16276 33000
16276 340
16276 3400
16276 34000
16276 35
16276 350
16276 3500
16276 35000
16276 360
16276 3600
16276 36000
16276 370
16276 3700
16276 37000
16276 380
16276 3800
16276 38000
16276 390
16276 3900
16276 39000
16276 400
16276 4000
16276 40000
16276 410
16276 4100
16276 41000
16276 4200
16276 42000
16276 4300
16276 43000
16276 440
16276 4400
16276 44000
16276 4500
16276 45000
16276 4600
16276 46000
16276 470
16276 4700
16276 47000
16276 48
16276 4800
16276 48000
16276 49
16276 490
16276 4900
16276 49000
16276 500
16276 5000
16276 50000
16276 510
16276 51000
16276 5200
16276 52000
16276 5300
16276 53000
16276 54
16276 5400
16276 54000
16276 55
16276 550
16276 5500
16276 55000
16276 56
16276 5600
16276 56000
16276 570
16276 5700
16276 57000
16276 5800
16276 58000
16276 59
16276 5900
16276 59000
16276 60
16276 6000
16276 60000
16276 6100
16276 61000
16276 62
16276 6200
16276 62000
16276 63
16276 6300
16276 63000
16276 64
16276 6400
16276 6500
16276 65000
16276 6600
16276 66000
16276 67000
16276 68
16276 6800
16276 68000
16276 69
16276 69000
16276 7
16276 70
16276 700
16276 7000
16276 70000
16276 71
16276 710
16276 7100
16276 7200
16276 72000
16276 7300
16276 73000
16276 740
16276 7400
16276 74000
16276 750
16276 7500
16276 75000
16276 760
16276 7600
16276 76000
16276 7700
16276 77000
16276 78000
16276 790
16276 79000
16276 8
16276 800
16276 8000
16276 810
16276 8100
16276 820
16276 8200
16276 8300
16276 83000
16276 8400
16276 84000
16276 8500
16276 86
16276 8600
16276 87
16276 8700
16276 87000
16276 88
16276 880
16276 8800
16276 89
16276 890
16276 8900
16276 9
16276 9000
16276 9100
16276 9200
16276 92000
16276 9300
16276 93000
16276 9400
16276 95
16276 950
16276 9500
16276 96
16276 9600
16276 96000
16276 97
16276 9700
16276 98
16276 9800
16276 99
16276 9900
16302 170
16342 550
16509 0
16509 1
16509 1000
16509 1100
16509 11000
16509 13000
16509 18000
16509 190
16509 210
16509 28000
16509 360
16509 370
16509 37000
16509 390
16509 40000
16509 560
16509 620
16509 630
16509 640
16509 650
16509 720
16509 9500
16509 9600
16509 990
1653 23000
1653 34000
1653 35000
1653 36000
1653 38000
1653 41000
1653 49000
1653 6800
1653 6900
1653 7000
16591 10000
16591 12000
16591 14000
16591 1900
16591 19000
16591 2000
16591 21000
16591 23000
16591 27000
16591 28000
16591 340
16591 530
16591 540
16591 56
16591 67
16591 7900
16591 8000
16591 8100
16591 8400
16591 8500
16591 9900
16652 4100
16652 4200
16652 53
16652 54
16735 1200
16735 1300
16735 1700
16735 910
17048 8800
17048 8900
17048 9000
17048 9200
17048 9300
17055 2000
17055 2100
17055 3300
17356 2800
17356 2900
17356 3000
174 11000
174 12000
174 1500
174 15000
174 1600
174 19000
174 23000
174 24000
174 27000
174 2900
174 3300
174 3400
174 35
174 36
174 44000
174 45000
174 5700
174 6200
174 6500
174 6600
174 7200
174 7300
174 930
174 940
17547 28000
17552 1600
1759 12000
1759 360
1759 370
17931 2300
17931 2900
17931 730
17931 740
1835 17000
1835 18000
1835 43000
1836 630
1836 640
1836 650
18390 540
18624 1300
18624 1500
18624 450
18624 460
18747 310
18747 320
18779 26
18978 3000
18978 3100
19045 4800
19045 4900
19165 960
19165 990
19318 7700
19318 7800
19318 8100
19437 20000
19437 21000
19437 25000
19437 26000
19437 39000
19437 40000
19437 41000
19437 43000
19437 44000
19437 45000
19437 49000
19437 50000
19437 51000
19437 5300
19437 5400
19437 5500
19437 5700
19437 57000
19437 58000
19437 59000
19437 80000
19437 81000
19437 82000
19437 83000
19515 34
19515 39
19515 40
19515 81
19624 10000
19624 29000
19624 30000
196682 620
196682 710
196750 1000
196750 1200
196750 33000
196750 34000
196750 35000
197019 170
197019 28000
197019 29000
197019 3300
197019 3900
197019 43000
197019 44000
197019 46000
197019 47000
197019 480
197019 490
197019 51000
197019 52000
197019 640
197019 650
197019 660
197019 68000
197019 69000
197071 460
197071 470
197071 500
197071 510
197226 1800
197226 1900
197288 3600
197288 3700
197301 520
197301 530
197301 560
197301 570
197422 260
197422 270
197422 280
197422 55000
197422 590
197540 0
197540 1
197540 10
197540 1000
197540 10000
197540 110
197540 1100
197540 11000
197540 120
197540 1200
197540 12000
197540 13000
197540 14000
197540 1500
197540 15000
197540 160
197540 16000
197540 1700
197540 17000
197540 1800
197540 18000
197540 1900
197540 19000
197540 20
197540 2000
197540 20000
197540 2100
197540 21000
197540 220
197540 2200
197540 22000
197540 230
197540 23000
197540 230000
197540 240
197540 24000
197540 2500
197540 25000
197540 2600
197540 26000
197540 2700
197540 27000
197540 2800
197540 28000
197540 290
197540 2900
197540 29000
197540 300
197540 30000
197540 310
197540 31000
197540 320
197540 32000
197540 3300
197540 33000
197540 340
197540 3400
197540 34000
197540 3500
197540 35000
197540 36
197540 36000
197540 37
197540 37000
197540 38000
197540 390
197540 39000
197540 40000
197540 4100
197540 41000
197540 420
197540 42000
197540 4300
197540 43000
197540 44000
197540 450
197540 4500
197540 45000
197540 460
197540 4600
197540 46000
197540 470
197540 4700
197540 47000
197540 4800
197540 48000
197540 490
197540 4900
197540 49000
197540 500
197540 5000
197540 50000
197540 510
197540 5100
197540 51000
197540 5200
197540 52000
197540 5300
197540 53000
197540 5400
197540 5500
197540 55000
197540 5600
197540 5700
197540 57000
197540 5800
197540 58000
197540 59000
197540 60000
197540 6100
197540 61000
197540 620
197540 6200
197540 62000
197540 6300
197540 63000
197540 6400
197540 64000
197540 6500
197540 65000
197540 6600
197540 66000
197540 6700
197540 67000
197540 6800
197540 68000
197540 6900
197540 69000
197540 700
197540 7000
197540 710
197540 7100
197540 7200
197540 730
197540 7300
197540 740
197540 7400
197540 750
197540 7500
197540 760
197540 7600
197540 770
197540 7700
197540 780
197540 7800
197540 78000
197540 790
197540 7900
197540 8000
197540 8300
197540 840
197540 8400
197540 850
197540 8500
197540 8600
197540 87
197540 8700
197540 8800
197540 89
197540 890
197540 8900
197540 9
197540 900
197540 9000
197540 910
197540 9100
197540 9200
197540 930
197540 9300
197540 9400
197540 950
197540 9500
197540 9600
197540 970
197540 9700
197540 980
197540 9800
197540 99
197540 9900
197637 330
197648 3800
197648 3900
197648 4000
197648 4200
197648 5000
197648 5800
197648 6000
197648 6100
197648 6300
197706 31000
197706 32000
197706 36000
197706 37000
197706 41000
197706 49000
197706 51000
197706 52000
197706 54000
197706 56000
197706 72000
197706 86000
197706 87000
197706 88000
197706 89000
197706 90000
197922 13000
197922 2200
197922 22000
197922 23000
197922 3100
197922 6200
197922 6300
197922 67
197922 68
197922 7400
198093 13000
198093 14000
198093 15000
198093 16000
198093 18000
198093 19000
198093 20000
198093 21000
198093 23000
198093 26000
198093 27000
198093 28000
198093 29000
198093 33000
198093 34000
198093 37000
198093 46000
198093 73
198093 74
198156 82000
198156 83000
198203 1500
198203 1600
198203 410
198203 420
198385 5
198440 3500
198930 19000
198930 20000
198985 25000
198985 26000
199087 43000
199087 44000
199118 190
199246 1000
199246 1100
199246 11000
199246 12000
199246 14000
199246 15000
199246 16000
199246 18000
199246 19000
199246 710
199246 7700
199246 7800
199246 8000
199246 8100
199246 830
199246 840
199246 870
199246 880
199246 910
199246 920
199551 37000
199662 500
19969 13000
19969 16000
19994 120
199968 100000
199968 110000
199968 46000
199968 48000
199968 76000
199968 77000
20001 3
20001 300
20001 4
200019 1
200019 1000
200019 1100
200019 1200
200019 1300
200019 1400
200019 1500
200019 1600
200019 1700
200019 1800
200019 1900
200019 2000
200019 2300
200019 24000
200019 2500
200019 25000
200019 2600
200019 2700
200019 27000
200019 2900
200019 300
200019 310
200019 3100
200019 320
200019 3200
200019 3300
200019 3500
200019 3700
200019 3800
200019 4200
200019 4300
200019 4900
200019 510
200019 520
200019 5300
200019 5600
200019 5700
200019 5800
200019 590
200019 600
200019 610
200019 6100
200019 630
200019 640
200019 660
200019 670
200019 680
200019 690
200019 700
200019 710
200019 71000
200019 720
200019 72000
200019 730
200019 740
200019 74000
200019 750
200019 75000
200019 760
200019 770
200019 780
200019 8000
200019 8100
200019 820
200019 8200
200019 830
200019 840
200019 850
200019 8500
200019 860
200019 870
200019 8700
200019 8800
200019 900
200019 910
200019 920
200019 930
200019 950
200019 990
200052 40000
200052 42000
200052 43000
200052 44000
200052 46000
200052 47000
200052 48000
200052 49000
200052 50000
200052 51000
200052 52000
200088 190
200185 260
200303 10000
200303 11000
200303 14000
200303 15000
200303 16000
200303 17000
200303 18000
200303 19000
200303 20000
200303 21000
200303 22000
200303 24000
200303 28000
200303 31000
200303 32000
200303 33000
200303 4000
200303 4100
200303 5000
200303 5100
200303 7000
200303 7300
200303 7400
200303 7500
200303 8900
200303 9000
200303 9400
200303 9600
200391 120000
200391 130000
200460 6700
200460 6800
200460 7200
200460 7300
200462 54000
200462 55000
200462 56000
200514 120
200519 3900
200519 4500
200533 30000
200533 31000
200533 58000
200533 59000
200533 61000
20055 1900
20055 2000
20055 2200
20055 61
20055 62
200590 8400
200651 10000
200651 11000
200651 1200
200651 12000
200651 13000
200651 15000
200651 16000
200651 17000
200651 1800
200651 2000
200651 20000
200651 21000
200651 2200
200651 22000
200651 23000
200651 2400
200651 24000
200651 25
200651 25000
200651 26
200651 27000
200651 28000
200651 29000
200651 31
200651 33000
200651 34000
200651 35000
200651 36000
200651 37000
200651 3800
200651 3900
200651 39000
200651 4000
200651 410
200651 4100
200651 420
200651 43000
200651 44000
200651 5000
200651 5200
200651 54000
200651 5500
200651 57000
200651 6100
200651 62000
200651 63000
200651 6700
200651 6800
200651 70000
200651 73000
200651 74000
200651 75000
200651 7600
200651 76000
200651 7700
200651 78
200651 78000
200651 79
200651 79000
200651 8
200651 82000
200651 8300
200651 8400
200651 84000
200651 85
200651 8500
200651 85000
200651 8600
200651 86000
200651 87000
200651 880
200651 8800
200651 910
200651 91000
200651 92000
200651 93000
200651 9400
200651 9900
200698 13000
200698 14000
200698 430
200698 460
201011 3300
201011 38
201011 39
201011 6600
201011 6700
201011 7900
201133 20
201133 24000
201133 25000
201133 39000
201133 40000
201133 41000
201133 47000
201133 49000
201133 53000
201133 54000
201133 67000
201133 78000
201133 79000
201133 88000
201133 89000
20115 1000
20115 1100
20115 1200
20115 1300
20115 170
20115 3000
20115 3100
20115 770
20115 780
20115 810
20115 970
20115 990
201206 23000
201206 24000
201206 26000
201211 58
201211 62
201308_44679 31000
201308_44679 36000
201308_44679 37000
201682 16000
201682 17000
201682 18000
201682 20000
201682 26000
201682 30000
201814 11000
201814 110000
201814 12000
201814 13000
201814 14000
201814 15000
201814 160
201814 170
201814 180
201814 18000
201814 19000
201814 20000
201814 21000
201814 22000
201814 23000
201814 24000
201814 25000
201814 26000
201814 27000
201814 28000
201814 29000
201814 30000
201814 31000
201814 32000
201814 33000
201814 34000
201814 36000
201814 37000
201814 38000
201814 39000
201814 40000
201814 41000
201814 42000
201814 43000
201814 44000
201814 46000
201814 47000
201814 48000
201814 49000
201814 50000
201814 52000
201814 53000
201814 54000
201814 55000
201814 56000
201814 57000
201814 58000
201814 59000
201814 61000
201814 62000
201814 63000
201814 66000
201814 67000
201814 68000
201814 75000
201814 76000
201814 77000
201814 82000
201814 84000
201814 85000
201814 86000
201838 410
201838 420
201848 5100
202302 7900
202329 7000
202401 1
202422 1100
202422 11000
202422 15000
202422 1700
202422 19000
202422 20000
202422 21000
202422 22000
202422 25000
202422 26000
202422 27000
202422 28000
202422 30000
202422 31000
202422 33000
202422 34000
202422 350
202422 38000
202422 400
202422 410
202422 41000
202422 42000
202422 55000
202422 58000
202425 1
202425 250
202425 330
202425 340
202425 39000
202425 41000
202425 43000
202425 46000
202425 49000
202425 51000
202580 2800
202580 2900
2027 17000
2027 18000
2027 19000
2027 21000
2027 74000
2027 75000
2027 76000
2027 77000
202759 23000
202759 24000
202759 8700
202759 8800
202759 9300
202759 9600
20278 640
202914 10000
202914 11000
202914 12000
202914 16000
202914 2600
202914 2700
203020 24000
203020 25000
203020 32000
203020 33000
203020 43000
203020 45000
203087 28000
203087 29000
203087 30000
203087 31000
203380 10000
203380 1900
203380 2100
203380 2200
203380 9900
203476 1600
203476 180
203476 2200
203476 260
203476 270
203476 30000
203476 31000
203476 32000
203476 38
203476 4600
203476 4700
203476 4800
203476 520
203476 7200
203476 7500
203476 7600
203476 7700
203523 320
203523 330
203953 12000
203953 5400
203953 5500
203953 5900
203953 780
203953 790
203953 84000
203953 85000
203953 92000
204057 19000
204057 20000
204151 14000
204196 12000
204196 13000
204196 19000
204196 20000
204196 21000
204535 8400
204535 8500
20454 6
204548 2500
204601 26000
204601 27000
204615 48000
204615 55000
204615 63000
204615 64000
204615 67000
20473 1
20473 10
20473 1000
20473 110
20473 11000
20473 120
20473 1200
20473 12000
20473 13000
20473 1400
20473 14000
20473 1500
20473 15000
20473 160
20473 16000
20473 170
20473 17000
20473 180
20473 1800
20473 18000
20473 190
20473 1900
20473 20
20473 200
20473 2000
20473 20000
20473 210
20473 2100
20473 220
20473 22000
20473 230
20473 2300
20473 23000
20473 240
20473 2400
20473 25000
20473 260
20473 2600
20473 270
20473 2900
20473 300
20473 3000
20473 310
20473 3200
20473 330
20473 3300
20473 34
20473 3400
20473 350
20473 360
20473 3700
20473 390
20473 400
20473 420
20473 430
20473 4500
20473 460
20473 470
20473 510
20473 5200
20473 540
20473 560
20473 570
20473 580
20473 5800
20473 59
20473 62
20473 640
20473 6400
20473 650
20473 660
20473 6600
20473 670
20473 6700
20473 680
20473 7000
20473 7100
20473 720
20473 7200
20473 7300
20473 7400
20473 750
20473 7500
20473 7700
20473 7800
20473 8000
20473 8100
20473 830
20473 840
20473 8500
20473 8600
20473 9
20473 9000
20473 9300
20473 94
20473 9400
20473 95
20473 9500
20473 96
20473 97
20473 98
20473 980
20473 99
20473 990
204779 3700
204911 23000
204911 24000
204957 10000
204957 11000
204957 17000
204957 20
204957 2100
204957 2400
204957 3700
204957 620
204957 630
204957 6500
204957 6600
205100 110000
205100 150000
205100 23000
205100 24000
205100 26000
205100 27000
205100 30000
205100 31000
205100 32000
205100 33000
205100 36000
205100 37000
205100 42000
205100 43000
205100 52000
205100 54000
205100 55000
205100 56000
205100 57000
205100 58000
205100 59000
205100 60000
205100 64000
205100 65000
205100 66000
205100 67000
205100 69000
205100 70000
205100 71000
205100 73000
205100 75000
205100 76000
205100 78000
205100 79000
205100 80000
205100 81000
205100 84000
205100 85000
205100 86000
205100 87000
205100 88000
205100 93000
205100 94000
205100 95000
205100 96000
205100 97000
205100 98000
205100 99000
205235 1900
205235 2000
205235 2100
205235 960
205365 16000
205388 5800
205388 5900
205544 20
205544 520
205727 34000
205766 1000
205766 920
205766 930
205766 940
205766 950
205766 990
206238 10
206238 1100
206238 1200
206238 1800
206238 1900
206238 2000
206238 2500
206238 2700
206238 2900
206238 380
206238 400
206238 410
206238 420
206238 440
206238 670
206238 680
206238 690
206238 71000
206238 72000
206238 73000
206238 9
206238 93
206238 94
206238 95
206264 12000
206264 13000
206264 24000
206264 62000
206264 64000
206264 6500
206264 6600
206446 13000
206446 14000
20676 580
20676 590
20676 600
206774 7800
206774 7900
206804 27000
206804 28000
206804 41000
206804 42000
206804 44000
206804 4800
206804 5000
206804 5200
206804 5300
206804 5500
206804 5600
206804 7200
206804 7500
207003 19000
207003 21000
207083 1300
207083 18000
207083 23000
207083 4500
207083 4600
20712 1000
20712 840
20712 850
20712 960
207143 36000
207143 44000
207143 55000
207143 60000
207143 61000
207143 84000
207143 85000
20738 650
20738 680
20738 740
20738 750
207408 19000
207408 20000
207408 21000
207408 23000
207459 10000
207459 11000
207459 12000
207459 13000
207459 14000
207459 17000
207459 23000
207560 32000
207560 33000
207560 6500
207560 6600
207560 7000
207651 170
207656 1
207656 13000
207656 14000
207656 15000
207656 16000
207656 20000
207656 21000
207656 2200
207656 22000
207656 23000
207656 24000
207656 31000
207656 33000
207656 4100
207656 4200
207656 4300
207656 5000
207656 5100
207656 8400
207656 8500
207656 9300
207656 9400
20766 39000
207671 11000
207671 12000
207688 110
207790 360
207790 370
207790 390
207790 400
207916 2300
207916 2400
207992 46000
207992 47000
207996_209898 220
208046 120000
208046 130000
208046 140000
208046 1800
208046 2300
208046 26
208169 10000
208169 11000
208169 12000
208169 13000
208169 14000
208169 6100
208169 6300
208169 6600
208169 6800
208169 7400
208169 7900
208258 11000
208258 12000
208258 13000
208258 2000
208323 11000
208323 12000
208323 13000
208323 14000
208323 15000
208323 16000
208323 17000
208323 18000
208323 19000
208323 20000
208323 21000
208323 22000
208323 23000
208323 24000
208323 25000
208323 26000
208323 27000
208323 28000
208323 29000
208323 30000
208323 32000
208323 33000
208323 34000
208323 35000
208323 36000
208323 37000
208323 38000
208323 39000
208323 40000
208323 41000
208323 42000
208323 43000
208323 44000
208323 45000
208323 46000
208323 47000
208323 48000
208323 49000
208323 50000
208323 51000
208367 1000
208367 870
20845 36000
20845 39000
20845 48000
20853 270
20857 100000
20857 20
20857 420
20857 430
20857 6700
20857 6800
20857 6900
20857 75
20857 76
20857 79
20860 10000
20860 11000
20860 130
20860 140
20860 16000
20860 17000
20860 89000
20860 90000
20860 91000
208621 100000
208621 11000
208621 12000
208621 45000
208621 46000
208621 48000
208621 50000
208621 56000
208621 57000
208621 62000
208621 64000
208621 65000
208621 69000
208621 70000
208621 8400
208621 8500
208621 8800
208621 8900
208621 98000
208621 99000
20880 480
20880 490
20880 550
20880 560
20880 6000
20880 6100
20880 6200
208854 34000
208854 35000
208854 36000
208942 28000
208942 29000
208942 30000
208942 37000
208942 39000
208942 55000
208942 57000
209 1
209 10000
209 12000
209 1400
209 15000
209 190
209 27000
209 32000
209 33000
209 35000
209 36000
209 56
209 57
209 61
209 750
209 760
209 770
209 9900
20904 8400
20904 9300
20904 9500
20904 9600
209366 38000
209366 50000
209366 51000
209366 52000
209366 53000
209400 1800
209400 1900
209400 2000
209582 6400
209582 6500
209582 6900
209588 240000
209588 250000
209605 8100
209605 8700
209605 8800
209605 9200
209641 11000
209641 12000
209641 5300
209641 5700
209641 5800
209696 21000
209805 14000
210083 1400
210083 14000
210083 1500
210083 15000
210083 16000
210083 18
210083 19000
210083 20000
210083 3100
210083 3200
210083 380
210083 8600
210083 8700
210083 8800
210226 31000
210226 32000
210226 39000
210226 40000
210226 43000
210226 46000
210226 53000
210226 54000
210278 4500
210278 4700
210278 4800
210278 4900
210329 3000
21040 22000
21040 23000
210546 140
210546 150
210546 160
210546 420
210546 430
210558 100000
210558 110000
210558 33000
210558 43000
210558 44000
210558 48000
210558 50000
210558 51000
210558 54000
210558 59000
210558 61000
210558 64000
210558 65000
210558 66000
210558 71000
210558 72000
210558 73000
210558 76000
210558 77000
210558 7900
210558 8000
210558 8100
210558 8200
210558 82000
210558 8300
210558 83000
210558 8400
210558 8500
210558 8600
210558 9400
210630 1900
210630 2000
210630 21000
210630 22000
210630 280
210630 410
210630 460
210630 520
210630 530
210630 580
210630 590
210644 0
210644 1
210644 11000
210644 4500
210644 4600
210731 13000
210731 14000
210731 16000
210731 17000
210731 18000
210731 19000
210731 21000
210731 22000
210731 23000
210731 25000
210731 31000
210731 33000
210756 44000
210756 45000
2108 870
2108 980
2108 990
21100 22000
211138 16000
211138 17000
211252 12000
211252 23000
211252 25000
211252 26000
211252 27000
211252 28000
211301 1
211301 2800
211301 2900
211301 380
211376 11000
211376 24000
211376 27000
211376 8600
211588 2000
211588 2100
2116 1500
2116 1600
2116 25000
2116 27000
2116 28000
2116 29000
2116 30000
2116 32000
2116 33000
2116 34000
2116 35000
2116 36000
2116 39000
2116 40000
2116 47000
2116 48000
211619 19000
211619 20000
211619 5100
211619 5200
211619 5300
211619 5400
211720 390000
211720 400000
211857 2000
211857 2200
2119 1100
2119 1300
2119 1500
2119 16000
2119 1700
2119 350
2119 410
2119 420
2119 570
2119 580
2119 680
2119 690
2119 970
2119 980
212000 21000
21211 1500
212200 10000
212200 11000
212200 14000
212200 15000
212200 18000
212200 19000
212200 20000
212200 21000
212200 22000
212200 23000
212200 24000
212200 31000
212200 32000
212200 36000
212200 37000
212200 51000
212200 52000
212238 19000
212238 20000
212238 3700
212238 600
212238 620
212520 130000
212520 140000
212520 29000
212520 31000
212520 32000
212520 33000
212520 36000
212520 42000
212520 43000
212520 45000
212520 46000
212520 49000
212520 50000
212520 51000
212520 52000
212520 53000
212520 63000
212520 64000
212520 65000
212531 10
212531 18000
212531 19000
212531 3400
212531 8200
212531 8300
212531 8500
212531 9800
212663 12000
212663 15000
212663 16000
212663 17000
212663 18000
212663 22000
212663 23000
212663 27000
21283 170
21283 180
213230 12000
213230 14000
213230 15000
213230 18000
213230 20000
213230 21000
213230 22000
213230 23000
213230 410
213230 460
213230 560
213230 610
213230 780
213250 23000
213250 24000
213250 27000
213250 37
213373 11000
213373 12000
213373 800
213373 810
213373 840
213373 850
213373 9000
21351 8
21351 9
21409 100000
21409 2300
21409 2500
21409 2600
21409 2800
21409 3000
21409 3100
21409 33000
21409 34000
21409 35000
21409 710
21409 720
21409 95000
21409 96000
21409 97000
21473 10000
21473 11000
21473 9700
21499 110000
21499 120000
21499 130000
21499 170
21499 180
21499 41000
21499 42000
21499 48000
21766 2100
21766 2300
2202 3900
2202 4000
2202 4600
2202 4700
22047 380
22047 390
22070 15
22070 16
22070 38000
22070 570
224 5800
224 5900
224 6000
224 6100
22612 30000
22612 31000
22772 2400
22772 2800
22772 3100
22773 140
22773 1500
22773 160
22773 1600
22773 20
22773 2100
22773 3200
22773 3300
22773 530
22773 540
22773 550
22773 600
22773 630
22773 640
22989 3100
22989 3400
23005 8300
23005 8500
23005 8600
23005 8700
23033 7
23118 5600
23118 5700
23118 5900
23470 12000
23470 13000
23470 4800
23470 4900
23470 5200
23470 7100
23470 9500
23655 1100
23655 1200
23655 47
23655 960
23655 970
23889 270
23889 280
24309 240
24309 260
24309 280
24589 1000
24589 940
24651 29000
24651 30000
24768 2500
24768 2800
24768 3700
24768 3800
24768 3900
24768 4000
24768 4100
24800 35000
24800 36000
24800 56000
24800 67000
24800 68000
24851 1
24851 140
24872 49000
24940 0
24940 1
24940 10
24940 1000
24940 10000
24940 100000
24940 11
24940 110
24940 1100
24940 11000
24940 110000
24940 12
24940 120
24940 1200
24940 12000
24940 120000
24940 13
24940 130
24940 1300
24940 13000
24940 130000
24940 140
24940 1400
24940 14000
24940 140000
24940 15
24940 150
24940 1500
24940 15000
24940 150000
24940 160
24940 1600
24940 16000
24940 160000
24940 170
24940 17000
24940 170000
24940 180
24940 1800
24940 18000
24940 180000
24940 190
24940 1900
24940 19000
24940 190000
24940 200
24940 2000
24940 20000
24940 210
24940 2100
24940 21000
24940 2200
24940 22000
24940 220000
24940 230
24940 2300
24940 23000
24940 230000
24940 240
24940 24000
24940 240000
24940 250
24940 2500
24940 25000
24940 250000
24940 2600
24940 26000
24940 260000
24940 270
24940 2700
24940 27000
24940 270000
24940 280
24940 2800
24940 28000
24940 290
24940 2900
24940 29000
24940 300
24940 3000
24940 30000
24940 3100
24940 31000
24940 3200
24940 32000
24940 33
24940 330
24940 3300
24940 33000
24940 34
24940 34000
24940 350
24940 3500
24940 35000
24940 360
24940 3600
24940 36000
24940 3700
24940 37000
24940 38
24940 380
24940 3800
24940 38000
24940 3900
24940 39000
24940 40
24940 40000
24940 400000
24940 410
24940 41000
24940 420
24940 4200
24940 42000
24940 43000
24940 4400
24940 45000
24940 460
24940 4600
24940 46000
24940 470
24940 4700
24940 47000
24940 48000
24940 4900
24940 49000
24940 5000
24940 50000
24940 510
24940 5100
24940 520
24940 5200
24940 5300
24940 53000
24940 540
24940 5400
24940 54000
24940 55
24940 5500
24940 55000
24940 56
24940 5600
24940 56000
24940 57
24940 5700
24940 57000
24940 58
24940 5800
24940 58000
24940 5900
24940 59000
24940 6
24940 600
24940 6000
24940 60000
24940 610
24940 6100
24940 61000
24940 620
24940 62000
24940 630
24940 63000
24940 640
24940 6400
24940 64000
24940 6500
24940 65000
24940 6600
24940 66000
24940 67000
24940 6800
24940 68000
24940 6900
24940 69000
24940 7000
24940 70000
24940 7100
24940 71000
24940 7200
24940 72000
24940 7300
24940 73000
24940 7400
24940 74000
24940 7500
24940 75000
24940 76000
24940 7700
24940 77000
24940 78000
24940 79
24940 790
24940 7900
24940 79000
24940 80
24940 800
24940 80000
24940 810
24940 81000
24940 8200
24940 82000
24940 8300
24940 83000
24940 8400
24940 84000
24940 850
24940 8500
24940 85000
24940 860
24940 8600
24940 86000
24940 8700
24940 87000
24940 8800
24940 88000
24940 89
24940 890
24940 89000
24940 9
24940 900
24940 9000
24940 90000
24940 9100
24940 91000
24940 9200
24940 92000
24940 9300
24940 93000
24940 94
24940 940
24940 9400
24940 94000
24940 95
24940 950
24940 9500
24940 95000
24940 96
24940 9600
24940 96000
24940 9700
24940 97000
24940 9800
24940 98000
24940 99000
24953 47000
24961 0
24961 1
24961 100000
24961 13000
24961 130000
24961 14000
24961 15000
24961 16000
24961 17000
24961 18000
24961 20000
24961 2600
24961 2700
24961 27000
24961 2800
24961 28000
24961 2900
24961 29000
24961 30000
24961 31000
24961 32000
24961 37000
24961 38000
24961 39000
24961 400
24961 40000
24961 410
24961 41000
24961 42000
24961 43000
24961 44000
24961 46000
24961 47000
24961 49000
24961 56000
24961 57000
24961 58000
24961 59000
24961 60000
24961 63000
24961 64000
24961 66000
24961 7000
24961 70000
24961 7100
24961 71000
24961 7200
24961 7400
24961 74000
24961 75000
24961 76000
24961 77000
24961 8000
24961 85000
24961 88000
24961 89000
24961 9100
24961 98000
24961 99000
2497 11000
2497 9500
24971 200
24971 9600
24971 9700
25052 220
25052 260
25052 3400
25052 3500
25133 160
2514 2000
2514 2100
2514 300
2514 310
2514 470
2514 490
2516 1400
2516 20000
2519 4800
25198 17000
25198 18000
25229 1
2527 110
2527 130
25353 46000
25353 47000
25406 3400
25406 3500
25431 4900
25431 5000
25459 9
25467 23000
25467 24000
25486 14
25486 15
25513 4200
25596 2900
25596 3000
25596 36
25596 8400
25596 8600
25596 8700
25668 1900
25697 7300
25697 7400
25697 7500
25820 2100
2603 38000
2603 39000
26068 10000
26068 11000
262391 780
262391 790
262692 930
262692 940
26347 1000
26347 1400
263812 11000
263812 19000
263812 21000
263812 28000
263812 29000
264617 30000
264617 34000
264617 43000
264617 44000
264617 45000
264617 50000
264617 56000
264617 57000
264617 61000
264617 91000
264617 92000
264617 93000
265125 1700
26527 200
265831 380
265831 390
265831 480
266207 9
26725 540
26725 550
26725 560
267436 790
267436 800
267826 230
268207 1200
26832 1000
26832 1200
26832 14000
26832 15000
26832 1700
26832 18000
26832 19000
26832 20000
26832 2100
26832 3100
26832 3200
26832 450
26832 520
26832 640
26832 650
26832 660
26832 730
26832 740
26832 870
26832 880
26832 940
26832 990
268482 280
268482 290
268482 400
268482 450
27005 11000
27005 12000
27005 6500
27017 23000
27017 24000
270564 4200
270564 4400
270564 4500
27176 1400
27176 1500
27176 23000
27176 24000
27176 2500
27176 25000
27176 2700
27364 810
27364 820
27364 930
27411 25000
27411 41000
27651 1200
27715 860
27715 870
27715 880
27738 2500
27738 2600
28271 400
28271 410
2840 9800
2840 9900
2856 10000
2856 27000
2856 42
2856 43
2856 47
2856 48
28573 150
28573 82
28573 83
28573 84
28573 87
28668 1400
28715 410
28715 480
28715 520
28715 540
28715 550
28715 560
28715 600
28753 100
28753 23000
28753 24000
28753 28000
28753 29000
28753 43000
28753 44000
28753 45000
28753 490
28753 53000
28753 54000
28753 550
28753 5500
28753 55000
28753 5600
28753 79000
28753 800
28753 80000
28753 810
28753 82000
28753 83000
28753 880
28753 97
28753 99
28760 670
28855 14000
29017 42000
29049 2400
29049 2500
29049 2900
29066 140000
29066 170000
2907 2
2907 790
29075 28000
29075 29000
29075 34000
29075 36000
29119 34000
29119 35000
29119 36000
29124 3800
29124 3900
29134 1400
29134 16000
29134 17000
29134 18000
29134 27000
29134 29000
29134 30000
29134 32000
29134 33000
29134 8100
29134 8200
29134 9700
29141 15
29141 16
29169 20
29169 20000
29169 21
29169 21000
29169 24000
29169 380
29182 11
29182 20
29182 37000
29208 8400
29208 8500
29222 11000
29222 12000
29222 13000
29222 8000
29222 8200
29222 8300
29222 8400
29222 8500
29259 1000
29259 580
29278 2600
29278 2800
29278 59000
29278 60000
29278 62000
29314 1500
29405 5200
29405 5300
29413 450
29518 1100
29518 15000
29518 16000
29518 17000
29518 18000
29518 3300
29518 3400
29518 580
29518 680
29518 690
29551 11000
29551 22000
29551 4800
29551 5700
29551 5800
29551 81000
29551 82000
29551 83000
29551 85000
29580 11000
29580 12000
29580 14000
29580 330
29580 360
29670 170
29670 180
29691 310
29691 42000
29691 43000
29691 46000
29691 47000
29695 9200
29695 9300
29695 9400
29695 9500
29713 8600
29713 8700
29713 8800
29713 8900
29802 10000
29802 18000
29802 29000
29802 3000
29802 31000
29802 32000
29802 33000
29802 35000
29802 36000
29802 37000
29802 38000
29802 39000
29802 40000
29802 41000
29802 42000
29802 460
29802 46000
29802 470
29802 47000
29802 49000
29802 51000
29802 52000
29802 5300
29802 53000
29802 54000
29802 5500
29802 5600
29802 56000
29802 5900
29802 59000
29802 6000
29802 60000
29802 61000
29802 6300
29802 6400
29802 67000
29802 68000
29802 81000
29802 84000
29802 85000
29802 8900
29802 9200
29802 9300
29802 9600
29802 9700
3 18
3 21
3 21000
3 22000
3 23000
3 3400
3 3500
3 940
3 950
3 960
30036 510
30036 520
30058 1000
30058 240
30058 320
30058 340
30083 27000
30083 28000
30176 3500
30455 25000
30455 26000
30600 6700
30600 6800
30633 18000
30633 19000
30633 29000
30633 30000
30633 31000
30633 32000
30633 33000
30633 8800
30633 8900
30633 9700
30633 9800
30722 1400
30722 180
30736 47000
30736 52000
30764 8900
30764 9000
30764 9100
30764 9200
30766 2800
30798 4000
30798 4300
30823 16000
30823 17000
30823 19000
30823 2500
30823 2600
30836 12000
30836 13000
30836 15000
30836 16000
30836 3200
30836 3300
30836 4500
30836 5000
30836 5100
30836 5200
30836 5300
30836 5400
30836 5500
30836 5600
30836 5800
30836 9000
30860 10000
30860 11000
30860 13000
30860 14000
30860 15000
30860 34000
30860 3600
30860 50000
30900 3900
31012 1300
31027 29000
31027 30000
31027 31000
31027 5200
31027 5400
31034 29000
31034 510
31034 560
31034 570
31034 660
31034 670
31034 700
31034 710
31103 14000
31103 1500
31103 15000
31103 1600
31103 2000
31103 2800
31103 2900
31103 3000
31103 310
31103 3100
31103 3200
31103 330
31103 3900
31103 490
31103 500
31103 530
31103 5600
31103 570
31103 580
31103 600
31103 610
31103 620
31103 630
31103 660
31103 670
31103 690
31103 710
31103 750
31103 760
31103 790
31103 800
31103 900
31103 910
31103 97
31103 98
31148 3200
31148 3300
31148 480
31333 2100
31333 2300
31333 780
31333 820
31333 830
31371 6300
31371 6700
31371 6800
31798 0
31798 10000
31798 11000
31798 12000
31798 1300
31798 13000
31798 14000
31798 15000
31798 16000
31798 17000
31798 18000
31798 19000
31798 20000
31798 2100
31798 21000
31798 2200
31798 2400
31798 26000
31798 27000
31798 4400
31798 4500
31798 4800
31798 4900
31798 6300
31798 6400
31798 6500
31798 6700
31798 6800
31798 6900
31798 7000
31798 7100
31798 7200
31798 7300
31798 7400
31798 7600
31798 7700
31798 7800
31798 8100
31798 8200
31798 8300
31798 8400
31798 8500
31798 8600
31798 8700
31798 8800
31798 8900
31798 9000
31798 9100
31798 9200
31798 9300
31798 9400
31798 9500
31798 9600
31798 9700
31798 9900
31863 1400
31863 1500
31898 0
31898 1
31898 1000
31898 1100
31898 11000
31898 1200
31898 12000
31898 1300
31898 13000
31898 1400
31898 14000
31898 1500
31898 15000
31898 160
31898 1600
31898 16000
31898 170
31898 1700
31898 17000
31898 1800
31898 18000
31898 1900
31898 19000
31898 2000
31898 20000
31898 2100
31898 21000
31898 2200
31898 22000
31898 23000
31898 2400
31898 2500
31898 25000
31898 2600
31898 2700
31898 27000
31898 2800
31898 2900
31898 29000
31898 3000
31898 30000
31898 32000
31898 33000
31898 3400
31898 370
31898 3700
31898 37000
31898 3800
31898 38000
31898 40000
31898 410
31898 41000
31898 4200
31898 4300
31898 4400
31898 44000
31898 4500
31898 45000
31898 4600
31898 48000
31898 49000
31898 5000
31898 50000
31898 5100
31898 51000
31898 52000
31898 540
31898 54000
31898 55000
31898 5600
31898 5700
31898 6000
31898 60000
31898 610
31898 6100
31898 61000
31898 620
31898 630
31898 6400
31898 650
31898 6500
31898 6600
31898 6700
31898 6800
31898 6900
31898 7000
31898 7100
31898 7200
31898 730
31898 73000
31898 740
31898 7400
31898 74000
31898 750
31898 7500
31898 75000
31898 7600
31898 790
31898 8000
31898 810
31898 81000
31898 820
31898 82000
31898 8400
31898 84000
31898 850
31898 85000
31898 86000
31898 870
31898 87000
31898 890
31898 900
31898 910
31898 9100
31898 920
31898 9200
31898 980
31898 990
31898 9900
3209 1
3209 100
3209 1000
3209 10000
3209 1100
3209 1200
3209 1300
3209 150
3209 1500
3209 16
3209 160
3209 1600
3209 170
3209 1700
3209 180
3209 1800
3209 1900
3209 20
3209 2000
3209 2200
3209 230
3209 250
3209 260
3209 2600
3209 2700
3209 2900
3209 3000
3209 310
3209 3100
3209 320
3209 330
3209 3300
3209 3400
3209 3500
3209 380
3209 390
3209 3900
3209 4200
3209 4300
3209 4400
3209 460
3209 48
3209 49
3209 50
3209 6000
3209 6100
3209 620
3209 6300
3209 640
3209 6400
3209 65
3209 66
3209 660
3209 6700
3209 680
3209 6800
3209 6900
3209 730
3209 740
3209 78
3209 780
3209 79
3209 840
3209 850
3209 910
3209 940
3209 950
3209 9700
3209 98
3209 9800
3209 99
32097 1
32097 10000
32097 11000
32097 12000
32097 13000
32097 1600
32097 1700
32097 17000
32097 18000
32097 20000
32097 28000
32097 30000
32097 31000
32097 38000
32097 39000
32097 65000
32097 7000
32097 7100
32097 7500
32097 7600
32097 7700
32097 7800
32133 150
32133 80
32133 85
32133 86
3214 24000
3214 25000
3215 11000
3215 12000
3215 1300
3215 13000
3215 15
3215 17000
3215 180
3215 190
3215 20
3215 220
3215 230
3215 27
3215 32
3215 330
3215 340
3215 350
3215 38000
3215 39000
3215 40000
3215 41000
3215 5
3215 5500
3215 5600
3215 7
3215 760
3215 8
3215 85000
3215 86
32181 25000
32181 27000
32181 350
32181 360
3223 10000
3223 100000
3223 11000
3223 12000
3223 13000
3223 14000
3223 30000
3223 34000
3223 45000
3223 46000
3223 50000
3223 53000
3223 54000
3223 72000
3223 7400
3223 7500
3223 9100
3223 91000
32244 11000
32244 12000
32244 13000
32329 2600
32338 32000
32338 36000
3242 4900
3242 5600
3243 1100
3243 960
32489 1300
32489 1400
32489 1500
32489 9000
32489 9300
32489 9400
3249 110
3249 390
3249 400
3249 410
3249 420
3249 620
3249 690
3249 700
3249 940
3257 270
3257 360
32613 170
3269 12000
3269 13000
3269 1600
3269 1700
3269 2200
3269 2300
3269 340
3269 390
3269 610
3269 660
3269 67
3269 670
3269 68
3269 810
32780 3300
32780 3900
327892 540
327892 550
327892 570
327892 580
328110 900
328170 1200
328170 1600
328170 4000
328364 1100
328364 1200
328364 2800
328364 2900
328364 3000
328364 3700
328364 3800
328364 4100
328364 4200
328364 4300
328364 4400
328364 4500
328364 4800
328364 4900
328364 5000
328364 5100
328364 5400
328364 5500
328853 68
328853 69
3292 2000
3292 2100
3292 2200
3292 440
3292 480
3303 120
3303 20
3303 2400
3303 2500
3303 26
3303 27
3303 290
3303 780
3303 790
3303 800
33083 14000
3320 1100
3320 20
3320 920
3320 960
33387 1
33387 1000
33387 1100
33387 11000
33387 1200
33387 12000
33387 13000
33387 14000
33387 17000
33387 18000
33387 19000
33387 20000
33387 22000
33387 24000
33387 25000
33387 28
33387 30000
33387 32000
33387 33
33387 52000
33387 63000
33387 67000
33387 830
3352 14000
3352 20
3352 26000
3352 2700
3352 28000
3352 30000
3352 31000
3352 3900
3352 4000
3352 41
3352 42
3352 640
3352 650
3352 960
3352 970
3356 28000
3356 29000
3356 30000
3356 32000
3356 33000
3356 8700
3356 8800
3356 8900
3356 9200
3356 9300
33588 140
33588 150
33705 30000
33705 31000
33705 33000
33705 34000
33705 38000
33705 39000
33705 41000
33705 43000
33796 34000
33796 35000
33796 36000
33796 40000
33796 41000
33837 700
33843 44000
33843 45000
33843 46000
33885 2700
33885 2800
33885 2900
33885 5600
33885 5700
33915 3100
33915 3300
34011 11000
34011 12000
34011 15000
34011 16000
34011 410
34011 420
34011 4900
34224 10000
34224 11000
34224 12000
34224 13000
34224 14000
34224 15000
34224 17000
34224 200
34224 20000
34224 210
34224 21000
34224 340
34224 350
34224 3500
34224 3600
34224 36000
34224 3700
34224 37000
34224 380
34224 4200
34288 1400
34288 1500
34534 1800
34610 170
3462 0
3462 1
3462 1300
3462 14000
3462 15000
3462 16000
3462 2200
3462 4
3462 870
34700 690
34702 31000
34702 40000
34702 41000
34702 45000
34779 230
34779 3100
34779 360
34779 60
34779 62
34779 63
34779 65
34878 12000
34878 13000
34878 55000
34878 57000
34878 61000
34878 62000
34971 1200
34971 1400
34971 3000
34971 5700
34984 61
34984 62
34989 220
34989 300
34989 310
35100 31000
35100 32000
35141 18
35141 19
35244 10
35366 13000
35366 14000
35366 15000
35366 16000
35366 17000
35366 18000
35366 19000
35366 20000
35366 2200
35366 2300
35366 23000
35366 2500
35366 25000
35366 27000
35366 3000
35425 190
35425 27000
35425 29000
35425 3200
35425 3300
35426 33000
35426 34000
35432 320
35432 330
35434 1100
35434 1400
35470 2400
35470 2500
35518 2100
35518 2200
35518 700
35518 710
35540 19000
35540 21000
35575 130000
35575 140000
35592 21000
35592 25000
35592 30000
35592 36000
35592 37000
35592 38000
35592 39000
35592 4000
35592 40000
35592 4100
35592 42000
35592 43000
35592 44000
35592 45000
35592 46000
35592 47000
35592 53000
35592 54000
35592 55000
35592 56000
35592 57000
35612 1800
35612 2000
35612 2100
35661 1200
35661 2400
35661 2500
35661 330
35680 9000
35680 9500
35699 20000
35699 21000
35699 23000
35699 6800
35699 6900
35699 7100
35699 7200
35699 7300
35758 6400
35758 6500
35758 6700
35807 10
35913 10000
35913 110
35913 11000
35913 12000
35913 1300
35913 1600
35913 17000
35913 19000
35913 2100
35913 22000
35913 2300
35913 23000
35913 28000
35913 29000
35913 300
35913 30000
35913 310
35913 340
35913 3400
35913 46000
35913 47000
35913 6800
35913 72
35913 75
35913 80
35913 81
35913 84
35913 8600
35913 8700
35913 9400
35913 9500
35913 9600
35916 10
35916 11000
35916 13000
35916 14000
35916 1600
35916 16000
35916 1700
35916 17000
35916 18
35916 1800
35916 1900
35916 19000
35916 20
35916 20000
35916 2100
35916 21000
35916 2300
35916 270
35916 280
35916 2900
35916 3000
35916 3100
35916 3300
35916 4
35916 4100
35916 4200
35916 460
35916 470
35916 530
35916 6900
35916 7700
35916 8100
35916 8200
35916 8300
35916 9000
36007 2700
36007 3000
36007 3100
36007 3200
36007 3900
36077 600
36077 610
36149 1300
36149 1400
36236 8500
36236 8600
36351 520
36352 0
36352 1
36352 1000
36352 10000
36352 110
36352 120
36352 12000
36352 13000
36352 15000
36352 16000
36352 17000
36352 18000
36352 19
36352 20
36352 20000
36352 2100
36352 21000
36352 2300
36352 2400
36352 290
36352 300
36352 3000
36352 320
36352 3200
36352 360
36352 3600
36352 3700
36352 3800
36352 4100
36352 4200
36352 4300
36352 4400
36352 450
36352 460
36352 4700
36352 500
36352 510
36352 5100
36352 520
36352 5300
36352 5400
36352 5500
36352 590
36352 600
36352 6100
36352 620
36352 63
36352 630
36352 64
36352 65
36352 670
36352 6700
36352 680
36352 71
36352 72
36352 73
36352 730
36352 7300
36352 74
36352 75
36352 760
36352 77
36352 770
36352 780
36352 8200
36352 83
36352 8300
36352 84
36352 8400
36352 97
36352 98
36472 3700
36472 3800
36493 120
36850 31000
36850 32000
36850 33000
36850 34000
36850 35000
36850 49000
36850 50000
36850 53000
3737 98
3737 99
3758 16000
3758 17000
3758 20000
37680 590
37680 600
37684 4500
3790 12000
3790 1700
3790 3
3790 5600
3790 5700
3790 8
38001 26
38074 620
38074 630
38186 32
38186 33
38186 34
38195 160
38195 280
38195 300
38195 310
3842 58
3842 60
3842 61
3842 660
3842 730
3842 740
3842 750
3842 9
38731 470
39104 240
39104 410
39104 420
3927 17000
39287 15000
39287 1800
39287 18000
39287 19000
39287 200
39287 20000
39287 210
39287 2100
39287 2300
39287 2400
39287 2500
39287 30000
39287 310
39287 440
39287 490
39287 500
39287 740
39326 310
393408 1200
393408 1300
39351 120
39351 1200
39351 1300
39351 14000
39351 15000
39351 2300
39351 2400
39351 2500
39351 3400
39351 3500
39351 3700
39351 4900
39351 5000
39351 5200
39351 5400
39351 5500
39351 6400
39351 6800
39351 73000
39351 74000
39351 8300
393552 90
393552 91
393552 94
393552 95
39375 2300
39375 2400
39383 14000
393886 18000
393886 21000
393886 23000
393886 25000
393886 26000
393886 27000
393886 32000
393886 34000
393886 42000
393886 54000
393886 58000
39392 20000
39405 36000
39405 38000
39421 29000
39421 30000
39421 38000
39421 39000
39421 40000
39421 48000
39421 63000
39421 64000
394380 43000
394380 44000
394380 5400
394380 6200
394380 6400
394380 6500
394380 8200
394380 8800
394380 9100
394380 9200
394380 9300
394380 9800
394695 6700
395089 1100
395089 11000
395089 18000
395089 6000
395089 750
395089 7500
395089 760
395089 7600
395089 7700
395089 7800
395089 810
395089 8100
395089 820
395089 8200
395089 8300
395089 8400
395348 34000
39572 9
395823 6600
395823 6700
395823 7000
395853 14000
395853 25000
395853 26000
395853 27000
39608 15000
39608 16000
39608 410
39608 420
39608 470
396089 13000
396089 15000
39622 9800
39622 9900
396362 20000
396362 21000
396362 22000
396362 27000
396362 35000
396362 37000
396362 44000
396362 48000
396362 49000
39642 350
39642 390
39642 420
396507 39000
396527 41000
396527 42000
396527 43000
396527 44000
396527 45000
396527 48000
396527 50000
396527 52000
396527 53000
396982 1
396982 69
396982 780
397270 4200
397270 6500
397270 6600
397270 6800
397373 51000
397373 52000
397373 53000
397373 54000
397423 16000
397444 2300
397444 2400
397444 2600
397444 3200
397444 3300
397715 28000
397715 29000
397715 30000
39798 0
39798 12000
39798 15000
39798 16000
39798 17000
39798 18000
39798 450
39798 470
39798 560
39798 570
39798 6500
39798 6900
39798 7000
39798 7100
39798 7200
39798 7400
39798 7500
39798 7600
39798 8800
39798 8900
39798 9100
39798 9200
39798 9300
39798 9400
39798 9500
398088 14000
398101 24000
39819 3700
39819 3800
39819 3900
398242 2100
398242 2200
398242 5300
398242 5400
398355 0
398355 1
398355 1000
398355 1100
398355 1200
398355 12000
398355 1300
398355 1400
398355 1500
398355 15000
398355 1600
398355 16000
398355 1700
398355 18000
398355 1900
398355 2000
398355 20000
398355 2100
398355 21000
398355 2200
398355 2300
398355 23000
398355 2400
398355 24000
398355 2600
398355 2700
398355 2800
398355 2900
398355 3000
398355 3100
398355 3200
398355 3400
398355 3500
398355 370
398355 3800
398355 4200
398355 4300
398355 450
398355 4600
398355 4700
398355 510
398355 520
398355 530
398355 620
398355 630
398355 6700
398355 6800
398355 690
398355 700
398355 7000
398355 7200
398355 7300
398355 7400
398355 750
398355 780
398355 790
398355 810
398355 850
398355 860
398355 8900
398355 930
398355 960
398355 970
398355 980
398355 990
398986 140000
398986 160000
398986 73000
398986 74000
398986_26863 33000
398986_26863 36000
398986_26863 46000
398986_26863 52000
399122 35000
399122 3700
399122 37000
399122 38000
399122 3900
399122 39000
399122 40000
399471 12000
399471 17000
399471 18000
399471 41000
399471 42000
399471 43000
399486 9300
399486 9400
399486 9500
399532 10000
399532 11000
399532 12000
399532 13000
399532 14000
399532 15000
399532 7800
399532 7900
399532 8000
399532 8800
399532 8900
399532 9000
399532 9100
399532 9200
399532 9300
399532 9400
399629 35
399629 36
399629 4500
399629 4600
399804 190
399804 200
399888 44000
399888 45000
399888 46000
399888 47000
40021 1000
40021 1200
40021 1300
40021 8800
40021 9800
40021 9900
40029 950
40029 960
400564 21000
400564 22000
40244 16000
40244 17000
40244 18000
40244 19000
40676 11000
40676 12000
40676 18000
40676 19000
40676 20000
40676 21000
40676 22000
40676 23000
40676 24000
40676 25000
40676 26000
40676 2700
40676 27000
40676 2800
40676 28000
40676 2900
40676 29000
40676 30000
40676 31000
40676 32000
40676 33000
40676 34000
40676 35000
40676 36000
40676 37000
40676 38000
40676 39000
40676 41000
40676 42000
40676 43000
40676 44000
40676 45000
40676 46000
40676 47000
40676 48000
40676 49000
40676 5000
40676 5200
40676 52000
40676 53000
40676 5400
40676 54000
40676 5500
40676 55000
40676 5600
40676 56000
40676 57000
40676 58000
40676 61000
40676 6200
40676 6500
40676 6600
40676 6700
40676 6800
40676 68000
40676 6900
40676 74000
40676 7500
40676 75000
40676 7900
40676 9000
40676 9100
41011 360
41047 17000
41047 18000
41075 43000
41075 44000
41108 500
41164 1000
41164 420
41164 730
41164 750
41164 820
41164 96
41164 97
41281 14000
41281 15000
41281 16000
41281 17000
41281 18000
41281 19000
41281 21000
41281 23000
41281 24000
41281 27000
41281 35000
41281 37000
41281 40000
41281 41000
41281 42000
41436 3600
41436 4800
41436 4900
41560 340
41560 350
41585 54
41585 55
41608 11000
41608 12000
41608 170
41608 180
41608 290
41608 490
41608 7900
41608 8400
41608 9800
41634 120000
41634 4000
41634 4800
41634 6100
41653 9100
41653 9200
41653 9300
41710 9200
41710 9400
41710 9500
41809 3600
41809 3900
4181 350
4181 40000
4181 43000
42065 850
42065 860
42159 22000
42159 52000
42159 55000
42237 17000
42237 18000
42237 27
42237 46000
42237 48000
42237 51000
42237 5300
42237 53000
42237 5500
42237 5800
42237 5900
42237 6400
42237 71
42237 7100
42237 7200
42237 73
42237 74
4224 17000
4224 18000
4224 21000
4224 23000
4224 24000
4224 25000
4224 26000
4224 27000
4224 28000
4224 29000
4224 30000
4224 31000
4224 32000
4224 33000
4224 35000
4224 36000
4224 37000
4224 38000
4224 39000
4224 40000
4224 49000
4224 51000
4224 52000
4224 67000
4224 68000
42422 1100
42473 37000
42473 40000
42473 42000
42473 45000
42473 46000
42473 50000
42473 51000
42473 52000
42473 56000
42487 15000
42487 22000
42621 480
42638 21000
42638 22000
42638 23000
42675 140
42675 150
42675 1800
42675 1900
42675 31
42675 32
42675 33
42675 34
42675 3800
42675 3900
42675 4500
42675 4600
42675 940
42675 950
42708 1000
42708 130000
42708 140000
42708 16000
42708 25000
42708 3400
42708 650
42708 660
42730 0
42730 1
42730 10
42730 10000
42730 1100
42730 11000
42730 12000
42730 13000
42730 130000
42730 140000
42730 15000
42730 160
42730 16000
42730 170
42730 17000
42730 2700
42730 27000
42730 28000
42730 29000
42730 30000
42730 31000
42730 32000
42730 33000
42730 43000
42730 44000
42730 500
42730 50000
42730 51000
42730 5200
42730 5300
42730 5400
42730 54000
42730 55000
42730 5600
42730 56000
42730 57000
42730 59000
42730 60000
42730 61000
42730 68000
42730 70000
42730 7400
42730 7800
42730 7900
42730 8000
42730 8600
42730 8700
42730 8800
42730 9
42730 980
42739 16000
42748 160
42748 350
42748 410
42748 420
42748 630
42765 1800
42765 1900
42765 2000
42831 1400
42831 18000
42831 20000
42831 440
42831 460
42927 49000
42927 50000
42965 4700
42965 4900
42965 5000
43128 1600
43128 1700
43128 3400
43128 4000
43150 29000
43150 30000
43180 10
43180 9
4319 29000
4319 30000
4319 38000
4319 39000
43205 470
43205 510
43205 7200
43205 7300
43289 10000
43289 11000
43289 12000
43289 13000
43289 1500
43289 15000
43289 1600
43289 16000
43289 1700
43289 17000
43289 1800
43289 1900
43289 2000
43289 2200
43289 240
43289 2400
43289 250
43289 2600
43289 2800
43289 3300
43289 340
43289 3400
43289 34000
43289 350
43289 35000
43289 3600
43289 370
43289 3800
43289 3900
43289 4000
43289 4100
43289 420
43289 430
43289 4500
43289 4700
43289 4800
43289 4900
43289 5000
43289 5100
43289 5300
43289 5400
43289 5600
43289 6100
43289 6200
43289 6300
43289 6700
43289 6800
43289 6900
43289 7300
43289 73000
43289 7400
43289 7600
43289 7700
43289 790
43289 81000
43289 82000
43289 83000
43289 8400
43289 8700
43289 8800
43289 900
43289 910
43289 9100
43289 950
43289 960
43289 9900
43317 10000
43317 11000
43317 3000
43317 30000
43317 3200
43317 3300
43317 3400
43317 3500
43317 3800
43317 4000
43317 4100
43317 4200
43317 4300
43350 150
43350 160
43350 26
43350 27
43350 39000
43350 40000
43350 430
43350 43000
43350 44000
43350 4900
43350 5500
43350 5700
43350 5800
43350 6000
43350 6100
43350 6200
43350 64000
43350 67000
43350 98000
43513 1
43513 10000
43513 1300
43513 13000
43513 15000
43513 16000
43513 1700
43513 17000
43513 18000
43513 1900
43513 20
43513 2100
43513 21000
43513 2200
43513 2300
43513 2900
43513 3300
43513 3400
43513 3900
43513 4000
43513 42000
43513 43000
43513 44000
43513 4500
43513 4600
43513 4700
43513 5000
43513 5100
43513 5300
43513 5400
43513 5600
43513 5700
43513 5800
43513 5900
43513 6000
43513 6200
43513 6300
43513 7700
43513 8000
43513 8100
43513 8200
43513 8400
43513 8600
43513 9100
43513 9500
43513 9800
43513 9900
43529 630
43529 730
43529 740
43557 34000
43557 36000
43557 37000
43557 480
43557 530
43588 13000
43588 20000
43624 0
43624 13000
43624 14000
43624 15000
43624 4200
43624 4300
43624 9200
43641 7300
43641 7400
43847 12000
43847 810
43847 820
43847 9400
43967 9700
43967 9800
44133 10000
44133 11000
44133 12000
44133 1300
44133 13000
44133 14000
44133 15000
44133 1600
44133 1800
44133 1900
44133 20000
44133 21000
44133 24000
44133 25000
44176 10000
44176 7100
44176 7200
44176 9300
44176 9600
44176 9900
44477 1100
44477 960
44486 300
44486 68000
44486 86000
44489 1400
44489 1700
44489 2400
44489 830
44489 870
44489 880
44493 20
44493 3300
44493 9
44592 39000
44592 40000
44592 42000
44592 45000
44592 46000
44679 33000
44709 160
44709 2300
44709 2700
44709 35000
44709 3600
44709 36000
44709 370
44709 37000
44709 3900
44709 4000
44709 4400
44716 16000
44716 17000
44716 19000
44716 34000
44716 35000
44716 36000
44812 64000
44820 2900
44820 3000
44820 3100
44820 4400
44820 6500
44820 6600
44820 7100
44820 7500
44820 8100
44820 8200
44820 8800
44820 8900
44869 14000
44869 25000
44869 26000
44869 56000
44901 170
44901 180
44901 190
44901 38
44925 0
44925 1
44925 12000
44925 1300
44925 13000
44925 140
44925 1400
44925 15000
44925 16000
44925 1700
44925 17000
44925 1800
44925 20000
44925 21000
44925 220
44925 22000
44925 250
44925 25000
44925 260
44925 270
44925 3300
44925 3400
44925 350
44925 3500
44925 360
44925 3600
44925 3700
44925 4100
44925 4300
44925 4500
44925 4800
44925 4900
44925 520
44925 710
44925 820
44925 900
45007 180
45007 260
45007 560
45011 820
45011 830
45011 870
45011 880
45012 2200
45012 2300
45012 2400
45012 33000
45012 37000
45012 38000
45037 620
45037 630
45037 650
45045 14000
45045 15000
45045 16000
45045 17000
45102 210
45102 280
45102 340
45144 1700
45144 1800
45382 20
45382 21
45382 25
45382 26
45382 29
45382 30
45382 31
45382 32
45382 92
45382 93
45382 94
4540 1200
4540 1300
4540 1400
45413 440
45570 2200
45570 2700
45671 8
45731 5600
45731 5700
45758 1400
45758 1500
45758 1600
45758 1700
45758 17000
45758 18000
45804 22
45839 0
45839 1
46015 2100
46015 2300
46015 4600
46015 4800
46375 1100
46375 1200
46375 1900
46375 2000
46375 280
46375 2900
46375 3000
46375 350
46375 5700
46375 5900
46375 6100
46375 6600
46375 670
46375 6700
46375 680
46375 6800
46375 690
46375 9000
46375 9100
46475 3200
46475 3300
46475 3600
46475 3900
46475 4100
46475 4200
46475 8400
4657 12000
4657 13000
46841 1300
46841 15000
46844 1200
46844 1300
46844 13000
46844 17000
46844 18000
46844 19000
46844 20000
46844 21000
46844 22000
46844 23000
46844 24000
46844 25000
46844 26000
46844 27000
46844 28000
46844 29000
46844 30000
46844 31000
46844 33000
46844 34000
46844 35000
46844 36000
46844 38000
46844 39000
46844 41000
46844 42000
46844 45000
46844 47000
46844 48000
46844 53000
46844 54000
46844 55000
4685 740
4685 750
4685 8
4694 190
46997 51000
47066 10000
47066 380
47066 5200
47066 5300
47066 590
47066 600
47066 7200
47066 790
47066 800
47066 8400
47066 8500
47066 900
47066 9700
47172 60
47172 61
47172 62
47172 63
47172 7700
47172 9600
47273 1000
47273 1200
47273 1500
4739 1800
4739 1900
4739 710
4739 740
4739 750
47447 0
47447 1
47447 10000
47447 11000
47447 120
47447 20000
47447 21000
47447 2400
47447 2800
47447 30000
47447 3100
47447 31000
47447 3600
47447 4800
47447 58000
47447 59000
47447 61000
47447 63000
47447 64000
47447 65000
47447 66000
47447 8100
47447 86000
47447 87000
47447 88000
47482 1
47482 2200
47482 3200
47482 38000
47482 39000
47482 8000
47482 8100
47544 10000
47544 12000
47544 14000
47570 11000
47570 13000
47570 15000
47570 16000
47570 380
47570 390
47570 410
47570 420
4760 19000
4760 21000
4760 28000
4760 29000
47610 38000
47610 42000
4764 1
4764 1500
4764 17
4764 1700
4764 1800
4764 200
4764 210
4764 230
4764 240
4764 26
4764 3400
4764 3500
4764 440
4764 460
4764 530
4764 550
4764 560
4764 620
4764 630
4764 91
4764 92
47674 15000
47674 17000
47674 30
47674 4100
47674 4400
47674 4500
47674 4800
47674 4900
47674 810
47674 820
47674 9300
47674 9400
47674 9500
4773 1900
4788 1700
4788 1800
4788 1900
47890 100000
47890 110000
47890 99000
48031 1500
48031 24000
48031 25000
48031 29000
4804 1
4804 1100
4804 1200
4804 260
4804 900
4804 910
48101 1
48101 650
48101 660
48101 700
48108 2700
48108 2800
48314 130
48314 1700
48314 17000
48314 190
48314 2300
48314 2600
48314 2800
48314 310
48314 3300
48314 410
48314 500
48314 550
48314 560
48314 610
48314 620
48314 6200
48314 6500
48314 6900
48347 2000
48347 2700
48347 670
48347 680
48347 730
48347 740
48347 840
48347 850
48438 260
48550 2300
48550 2400
48854 1000
48874 1
48874 1300
48874 20
48874 300
48874 3200
48874 350
48874 430
48874 4300
48874 450
48874 5100
48874 5200
48900 2300
48900 2800
48900 3300
48900 3400
48926 6900
48926 7000
48927 76000
48927 77000
48927 82000
49289 180
49289 380
49367 1200
49367 1300
49367 13000
49367 1400
49367 15000
49367 1600
49367 1700
49367 37000
49367 38000
49392 1600
49392 1700
49392 1800
49447 180
49447 190
49447 200
49447 210
49453 21000
49453 55000
49453 56000
49453 57000
49453 58000
49505 1800
49505 3500
49505 4100
49515 12000
49515 3900
49515 4000
49544 1
49544 10000
49544 17000
49544 18000
49544 9800
49544 9900
49581 1
49581 45000
49581 47000
49581 48000
49581 52000
49581 53000
49581 54000
49581 58000
49581 62000
49581 63000
49601 5100
49601 5300
49601 5500
49635 520
49635 530
49770 1100
49770 1200
49770 2300
49770 2400
49770 610
49770 620
49770 6300
49770 6400
49770 6600
49770 6700
49800 11000
49800 12000
49855 14000
49855 15000
49855 25000
49855 26000
49855 27000
49889 140
49981 10000
49981 100000
49981 110
49981 11000
49981 110000
49981 12000
49981 120000
49981 13000
49981 130000
49981 14000
49981 140000
49981 16000
49981 17000
49981 170000
49981 18000
49981 180000
49981 19000
49981 20000
49981 22
49981 23
49981 24
49981 26000
49981 27000
49981 28000
49981 30
49981 31
49981 38000
49981 49000
49981 50000
49981 51000
49981 61
49981 62000
49981 660
49981 670
49981 76
49981 82000
49981 93000
49981 94000
49981 96
49981 97
50058 2000
50060 3200
50060 3400
50126 870
50126 880
50126 890
50182 130
50266 100
50266 1600
50266 16000
50266 17000
50266 28000
50266 34000
50266 35000
50266 36000
50266 43000
50266 44000
50266 78000
50266 79000
50266 82000
50266 92
50266 95
50266 9500
50266 96
50266 97
50266 9700
50297 9100
50297 9200
50297 9300
50297 9500
50297 9600
50304 7600
50304 8000
50304 9400
50304 9700
50304 9800
50360 13000
50360 5300
50472 140
50613 1
50613 1000
50613 10000
50613 11000
50613 12000
50613 3900
50613 44000
50613 45000
50613 46000
50613 51000
50613 52000
50613 54000
50613 55000
50613 570
50613 61000
50613 8000
50613 8100
50613 82000
50613 83000
50613 88
50613 89
50613 960
50613 98
50673 3100
50673 49000
50673 50000
50673 5500
50673 5600
50673 6500
50673 6600
50673 8900
50821 250
50821 260
50821 500
50821 510
50821 520
50867 2900
50867 3000
50867 43000
50867 45000
5089 0
5089 1
5089 10
5089 1900
5089 2500
5089 2600
5089 270
5089 2900
5089 3000
5089 56
5089 600
5089 610
5089 9
50979 1600
50979 28000
50979 3800
50979 3900
50979 4000
50979 4700
51059 1000
51059 1100
51059 1200
51167 1
51167 1000
51167 10000
51167 1100
51167 11000
51167 1200
51167 12000
51167 13
51167 13000
51167 1400
51167 14000
51167 1500
51167 15000
51167 1600
51167 16000
51167 170
51167 17000
51167 1800
51167 18000
51167 190
51167 1900
51167 19000
51167 2000
51167 20000
51167 2100
51167 21000
51167 22000
51167 2300
51167 24000
51167 2500
51167 25000
51167 270
51167 290
51167 29000
51167 300
51167 30000
51167 320
51167 33000
51167 3400
51167 34000
51167 350
51167 3500
51167 360
51167 3600
51167 3800
51167 38000
51167 3900
51167 39000
51167 41
51167 4100
51167 42000
51167 4300
51167 43000
51167 4400
51167 4500
51167 4600
51167 46000
51167 4700
51167 47000
51167 4800
51167 500
51167 5000
51167 5100
51167 51000
51167 520
51167 5200
51167 530
51167 5300
51167 53000
51167 5400
51167 54000
51167 5500
51167 5700
51167 5800
51167 5900
51167 610
51167 6100
51167 6200
51167 6400
51167 6500
51167 6600
51167 6700
51167 6800
51167 6900
51167 7000
51167 7100
51167 7200
51167 7300
51167 7400
51167 7500
51167 7600
51167 770
51167 7700
51167 780
51167 7900
51167 81
51167 82
51167 830
51167 840
51167 85
51167 850
51167 86
51167 8600
51167 8700
51167 8900
51167 910
51167 9100
51167 920
51167 9200
51167 9300
51167 9400
51167 9500
51167 9600
51167 990
51167 9900
51177 4300
51184 320
51184 330
51262 10000
51262 11000
51290 13000
51290 15000
51290 29000
51290 30000
51290 31000
51290 36000
51290 37000
51290 48000
51290 49000
51395 1100
51395 1200
51395 1700
51395 24000
51395 27000
51395 28000
51395 48000
51395 50000
51395 51000
51395 580
51395 58000
51395 590
51395 600
51395 680
51395 74000
51395 880
51538 34
51538 35
51659 13000
51659 14000
51659 380
51659 700
51691 12000
51691 14000
51691 16000
51744 290
51765 12000
51765 13000
51765 1700
51765 1900
51765 2000
51765 2100
51765 2900
51765 6000
51765 6100
51765 6300
51765 6400
51765 6800
51765 6900
51765 7300
51765 7400
51765 7500
51765 7700
51765 7800
51765 8100
51765 8200
51765 880
51765 890
51765 9500
51765 9600
51815 42000
51815 43000
51815 46000
51815 48000
51815 49000
51815 52000
51852 10000
51852 11000
51852 12000
51852 13000
51852 140
51852 1400
51852 14000
51852 15000
51852 16000
51852 18000
51852 19000
51852 200
51852 2000
51852 210
51852 2100
51852 2700
51852 290
51852 30000
51852 31000
51852 320
51852 33000
51852 3400
51852 350
51852 3500
51852 3600
51852 3700
51852 380
51852 4000
51852 4100
51852 4200
51852 450
51852 460
51852 4600
51852 4700
51852 5100
51852 5200
51852 530
51852 540
51852 5500
51852 5600
51852 6400
51852 670
51852 7100
51852 7200
51852 7300
51852 7400
51852 78
51852 780
51852 790
51852 8200
51852 8300
51852 8600
51852 9400
51852 960
51862 170000
51873 160
51873 170
52000 12000
52000 180
52000 190
52000 5300
52000 730
52000 740
52000 750
52000 890
52000 900
52022 6700
52048 17000
52048 18000
52173 10000
52173 15000
52173 16000
52173 20000
52173 22000
52173 25000
52173 27000
52173 28000
52173 4200
52173 42000
52173 4300
52173 43000
52173 44000
52173 5500
52173 5600
52173 5700
52173 5800
52173 5900
52173 7200
52173 7300
52173 7500
52173 7600
52173 9100
52173 9200
52173 9300
52423 410
52423 420
52423 6000
52423 6100
52423 7200
52423 7400
52423 7500
52423 7600
53111 4000
53340 10000
53340 11000
53356 5500
53486 1300
53486 23000
53667 0
53667 1
53667 1000
53667 10000
53667 1100
53667 11000
53667 120
53667 1200
53667 12000
53667 130
53667 1300
53667 13000
53667 1400
53667 14000
53667 1500
53667 15000
53667 1600
53667 16000
53667 1700
53667 17000
53667 1800
53667 18000
53667 1900
53667 19000
53667 2000
53667 20000
53667 2100
53667 21000
53667 2200
53667 22000
53667 2300
53667 23000
53667 2400
53667 24000
53667 2500
53667 25000
53667 260
53667 2600
53667 26000
53667 2700
53667 27000
53667 28000
53667 2900
53667 29000
53667 3000
53667 30000
53667 310
53667 3100
53667 31000
53667 320
53667 3200
53667 32000
53667 330
53667 33000
53667 34000
53667 3500
53667 360
53667 3600
53667 36000
53667 370
53667 3800
53667 38000
53667 3900
53667 39000
53667 400
53667 4000
53667 4100
53667 4200
53667 42000
53667 4300
53667 43000
53667 4400
53667 4500
53667 45000
53667 4600
53667 46000
53667 4700
53667 47000
53667 4800
53667 4900
53667 5000
53667 50000
53667 510
53667 5100
53667 51000
53667 5200
53667 540
53667 5400
53667 550
53667 5500
53667 560
53667 5600
53667 5700
53667 5800
53667 5900
53667 6000
53667 6100
53667 6300
53667 640
53667 6400
53667 6500
53667 6600
53667 6700
53667 6800
53667 6900
53667 7000
53667 7100
53667 7300
53667 7400
53667 7500
53667 7600
53667 770
53667 7700
53667 7800
53667 7900
53667 8000
53667 810
53667 8100
53667 820
53667 8200
53667 830
53667 8300
53667 840
53667 8400
53667 850
53667 8500
53667 860
53667 870
53667 8700
53667 880
53667 8800
53667 8900
53667 900
53667 9000
53667 910
53667 920
53667 9200
53667 930
53667 9400
53667 9500
53667 9600
53667 9700
53667 980
53667 9800
53667 990
53667 9900
53850 460
53850 470
5408 24000
5408 28000
54290 30000
54290 40000
54290 41000
54290 42000
54290 44000
54290 45000
54290 48000
5432 100
5432 110
5432 190
5432 99
54594 16000
54600 2700
5483 10
5483 870
5483 890
54913 3800
54913 4000
55045 650
55045 660
55045 670
55045 710
55045 720
55045 740
55081 64000
55081 65000
55081 69000
55081 70000
55286 40000
55286 50000
55286 51000
55286 53000
55286 54000
55286 56000
55286 580
55286 69000
55286 70000
55286 71000
553 2400
553 2500
55430 2400
55430 2500
55430 2900
55430 3000
55430 3400
55430 4100
55430 4200
55430 4800
55592 6400
55720 120
55720 140
55720 510
55720 520
55720 57
55720 58
55720 60
55720 61
55720 63
55720 660
55720 710
55720 730
55720 760
55720 770
55720 830
55720 86
55720 87
559 22000
559 23000
559 24000
559 25000
559 26000
559 27000
559 28000
559 29000
559 33000
559 35000
56030 18000
56030 19000
5606 830
5606 840
56067 270
56067 620
56067 810
5610 150
56153 2000
56153 2600
56153 850
56153 860
56153 870
56300 9200
56300 9300
56300 9400
56300 9600
56300 9700
56322 11000
56322 12000
56322 1300
56322 1400
56322 14000
56322 2100
56322 28000
56322 29000
56322 36000
56322 37000
56322 39000
56322 5900
56322 660
56322 670
56322 680
56381 4800
56381 4900
56382 38000
56382 39000
56382 40000
56382 42000
56382 43000
56382 71000
56382 79000
5645 1500
5645 1600
5645 450
5645 480
56478 30000
56485 2000
5650 10
5650 29000
56610 740
56610 770
56610 780
56630 110
56630 1100
56630 12000
56630 13000
56630 14000
56630 15000
56630 160
56630 210
56630 2200
56630 230
56630 240
56630 300
56630 500
56630 5700
56630 5900
56655 0
56655 1
56655 100000
56655 110000
56655 120000
56655 130000
56655 140000
56655 15000
56655 150000
56655 1700
56655 2000
56655 2100
56655 21000
56655 2300
56655 23000
56655 30000
56655 31000
56655 330
56655 340
56655 34000
56655 35000
56655 36000
56655 45000
56655 49000
56655 50000
56655 51000
56655 52000
56655 53000
56655 54000
56655 56000
56655 57000
56655 58000
56655 59000
56655 61000
56655 62000
56655 63000
56655 64000
56655 65000
56655 66000
56655 67000
56655 70000
56655 71000
56655 72000
56655 76000
56655 77000
56655 81000
56655 82000
56655 8300
56655 8400
56655 84000
56655 85000
56655 88000
56655 89000
56655 9000
56655 90000
56655 9100
56655 91000
56694 17000
56803 15000
56803 16000
56803 17000
56803 19000
56803 20000
56803 21000
56803 23000
56803 24000
56803 25000
56803 26000
56803 28000
56803 29000
56803 32000
56803 33000
56803 42000
56803 43000
56803 46000
56803 47000
56803 480
56971 17000
56971 3900
56971 4600
56971 4800
56971 5200
56971 5400
57043 26000
57043 41000
57043 42000
57043 43000
57043 46000
57169 1000
57169 1100
57169 1200
57169 230
57169 450
57169 74000
57169 75000
57191 630
57269 0
57269 170
57269 180
57269 220
57269 260
57269 430
57269 4900
57269 7600
57269 7700
57269 7800
57370 57
57381 24000
57381 25000
57494 15000
57494 17000
57494 18000
57494 19000
57494 20000
57494 4200
57494 6900
57494 7000
57673 1
57673 10000
57673 3100
57673 3200
5769 150
5769 230
5769 240
5769 250
5769 270
5769 55
5769 56
5769 760
5769 800
5769 9
577 10
577 11000
577 12000
577 13
577 16000
577 17000
577 18000
577 19000
577 200
577 210
577 21000
577 26000
577 27000
577 28000
577 3
577 68
577 7600
577 7700
577 810
577 8100
577 8200
577 830
577 840
577 850
577 9
577 9200
57707 29000
57707 30000
57717 8500
57717 8600
57811 7200
57811 7300
57858 190
57858 200
57860 88000
57860 89000
57860 90000
57889 24000
57889 25000
57935 1
57944 52000
57944 53000
57944 61000
57944 66000
57944 70000
57944 71000
58057 18000
58057 45000
58057 46000
58061 11000
58061 24000
58061 25000
58061 360
58061 370
58073 16000
58073 17000
58073 4600
58073 53000
58073 54000
58269 20000
58269 21000
58291 10
58294 74000
58294 88000
58294 89000
58610 490
58610 500
59253 10000
59253 11000
59253 12000
59253 14000
59253 2400
59253 2600
59253 2700
59253 6300
59253 7500
59253 9100
59253 9700
59425 4900
59425 5000
59432 230
59432 240
59444 170
59444 180
59491 1
59491 1100
59491 18000
59491 19000
59491 47000
59491 50000
59642 97000
59642 98000
59642 99000
59684 1
59711 14000
59711 15000
59711 23000
59711 24000
59711 27000
59711 28000
59729 1500
59729 1600
59729 19000
59729 20000
59729 4100
59729 4200
59729 4400
59729 4500
59729 4600
59729 5000
59729 860
59741 1
59890 2800
59890 3000
59895 20
59895 37
59895 40
59895 55
59895 60
60036 4800
60036 4900
60068 2400
60068 560
60117 1
60117 10000
60117 2100
60117 2700
60117 2800
60117 2900
60117 380
60117 3900
60117 6400
60117 6500
60118 17000
60118 19000
60131 16
60140 180
60140 200
60140 210
60140 260
60140 330
60140 340
60140 350
60140 370
60140 440
60140 590
60140 600
60140 620
60140 99
60251 180
60251 20
60251 6800
60251 6900
60404 1000
60404 100000
60404 1100
60404 11000
60404 110000
60404 1200
60404 12000
60404 120000
60404 1300
60404 13000
60404 1400
60404 14000
60404 1500
60404 150000
60404 16000
60404 160000
60404 1700
60404 17000
60404 170000
60404 1800
60404 180000
60404 1900
60404 19000
60404 190000
60404 2000
60404 2200
60404 2300
60404 2400
60404 260
60404 2600
60404 270
60404 2700
60404 27000
60404 280
60404 28000
60404 29000
60404 3100
60404 3200
60404 3300
60404 3400
60404 35
60404 36
60404 3800
60404 39000
60404 40000
60404 4100
60404 41000
60404 42
60404 43
60404 43000
60404 4400
60404 44000
60404 4500
60404 45000
60404 4600
60404 46000
60404 4700
60404 47000
60404 5300
60404 5400
60404 5500
60404 5600
60404 5700
60404 5800
60404 5900
60404 6000
60404 620
60404 630
60404 67
60404 6700
60404 68
60404 6800
60404 6900
60404 7000
60404 7100
60404 740
60404 7900
60404 960
60404 980
60522 1300
60522 1400
60567 12000
60571 30000
60571 31000
60571 32000
60602 2300
60729 15000
60729 16000
60729 17000
60729 18000
60729 19000
60729 20000
60729 21000
60729 22000
60729 23000
60729 24000
60729 25000
60729 26000
60729 27000
60729 28000
60729 29000
60729 30000
60729 31000
60729 32000
60729 33000
60729 34000
60729 35000
60729 36000
60729 37000
60729 38000
60729 39000
60729 40000
60729 41000
60729 42000
60729 43000
60729 44000
60729 45000
60729 46000
60729 47000
60729 48000
60729 50000
60729 51000
60729 52000
60729 53000
60729 54000
60729 55000
60729 56000
60729 57000
60729 58000
60729 59000
60729 60000
60729 61000
60729 62000
60729 63000
60729 64000
60729 65000
60729 66000
60729 67000
60729 68000
60729 69000
60729 70000
60729 71000
60729 72000
60729 73000
60729 74000
60729 75000
60729 76000
60729 77000
60729 84000
60729 85000
60729 86000
60729 87000
60729 88000
60729 92000
60729 93000
60781 1
60781 100000
60781 1500
60781 150000
60781 160
60781 1600
60781 170
60781 17000
60781 170000
60781 18000
60781 180000
60781 220
60781 220000
60781 260
60781 27000
60781 300
60781 300000
60781 32
60781 330000
60781 360
60781 36000
60781 37000
60781 40000
60781 41000
60781 47000
60781 48000
60781 49000
60781 50000
60781 51000
60781 6400
60781 6600
60781 6900
60781 7100
60781 75000
60781 82000
60781 83000
60781 84000
60781 88000
60781 89000
60781 9
60781 91000
61003 35000
61003 36000
61003 38000
61003 40000
61003 41000
61003 42000
61003 49000
61003 50000
61003 51000
61084 2200
61084 2300
61084 2500
61098 2300
61098 5200
61102 11000
61102 2600
61102 5000
61102 5600
61102 5700
61138 1000
61138 1100
61138 1300
61138 2900
61138 340
61138 390
61138 930
61138 940
61138 990
61157 22000
61157 23000
61272 14000
61272 15000
61272 1600
61272 16000
61272 1700
61272 340
61272 6400
61272 6600
61272 6700
6128 81
6128 82
61282 10000
61282 11000
61282 12000
61282 1600
61282 23000
61282 2600
61282 2900
61282 29000
61282 3000
61282 4200
61282 4700
61282 4800
61282 5100
61282 5200
61282 5600
61282 5800
61282 5900
61282 6800
61282 6900
61282 7400
61282 7500
61282 7800
61282 7900
61282 8500
61282 8700
61282 8900
61282 9100
61323 3800
61323 4100
61424 15000
61424 2400
61424 24000
61424 2500
61424 25000
61424 27000
61424 4300
6147 3000
6147 3100
6147 3200
61493 170
61493 210
61493 260
6181 17000
6181 19000
6181 8700
6181 8800
6181 8900
6181 9000
62000 1
62000 11000
62000 12000
62000 8800
62000 8900
62005 1100
62005 3800
62005 4300
62005 4500
62005 4700
62005 5
62005 5000
62005 5100
62005 6
62005 8800
62005 8900
62005 9000
62005 9700
62005 9800
62068 47000
62068 51000
62068 53000
62068 54000
62068 63000
62212 1
62212 3200
62214 5800
62214 720
62214 730
62214 840
62214 850
62240 340
62240 350
62240 65000
62240 66000
62248 6600
62248 6700
62248 6800
62248 6900
62336 14000
62336 230
62336 4700
62336 4800
62336 4900
62563 34000
62744 10000
62744 11000
62744 120
62744 12000
62744 13000
62744 14000
62744 150
62744 15000
62744 160
62744 16000
62744 1700
62744 17000
62744 180
62744 1800
62744 1900
62744 200
62744 2000
62744 20000
62744 2100
62744 21000
62744 22000
62744 230
62744 2300
62744 23000
62744 240
62744 2400
62744 24000
62744 250
62744 2500
62744 25000
62744 260
62744 2600
62744 26000
62744 270
62744 27000
62744 280
62744 28000
62744 290
62744 29000
62744 300
62744 3000
62744 320
62744 3200
62744 330
62744 3300
62744 340
62744 3400
62744 3500
62744 360
62744 3600
62744 370
62744 390
62744 410
62744 4100
62744 420
62744 4200
62744 430
62744 4300
62744 440
62744 4400
62744 450
62744 4500
62744 460
62744 4600
62744 4700
62744 4800
62744 490
62744 4900
62744 500
62744 5000
62744 510
62744 5100
62744 520
62744 5200
62744 5300
62744 5400
62744 550
62744 5500
62744 5600
62744 570
62744 5700
62744 5800
62744 5900
62744 6000
62744 610
62744 6100
62744 6200
62744 640
62744 6400
62744 650
62744 6500
62744 6600
62744 6700
62744 6900
62744 710
62744 730
62744 750
62744 7500
62744 760
62744 7600
62744 7700
62744 800
62744 8000
62744 8100
62744 8200
62744 830
62744 8300
62744 840
62744 8400
62744 850
62744 8500
62744 860
62744 8600
62744 8700
62744 8900
62744 9000
62744 9100
62744 9200
62744 9300
62744 9400
62744 9500
62744 9600
62744 9700
62788 2400
62788 2500
62788 8600
62788 8700
62788 9200
62788 9300
63018 1100
63018 1200
63018 1600
63018 26000
63018 27000
63018 3900
63018 4000
63018 8300
63018 8600
63023 39000
63023 46000
63023 83000
63023 84000
6315 7500
6315 7600
6327 1
6327 3700
6327 450
6327 510
6327 52
6327 53
6327 54
6327 540
6327 710
6327 720
6327 800
6327 810
6327 840
6327 9200
6327 9300
6327 9400
63473 120000
63473 13000
63473 140
63473 15000
63473 16000
63473 1700
63473 17000
63473 1800
63473 18000
63473 20
63473 21000
63473 28
63473 3000
63473 3100
63473 33000
63473 34
63473 36000
63473 44000
63473 470
63473 48
63473 49000
63473 50000
63473 5200
63473 59
63473 600
63473 66000
63473 67000
63473 680
63473 750
63473 760
63473 8000
63473 8300
63473 860
63473 870
63473 8800
63916_55799 3300
63930 10000
63930 11000
63930 6000
63930 6300
63930 9700
63949 0
63949 1
63949 10
63949 1000
63949 10000
63949 110
63949 1100
63949 11000
63949 120
63949 12000
63949 130
63949 1400
63949 14000
63949 150
63949 1500
63949 15000
63949 160
63949 16000
63949 17
63949 170
63949 1700
63949 17000
63949 1800
63949 18000
63949 19
63949 190
63949 1900
63949 19000
63949 200
63949 2000
63949 20000
63949 21
63949 210
63949 21000
63949 220
63949 22000
63949 2300
63949 23000
63949 2400
63949 24000
63949 250
63949 2500
63949 260
63949 2600
63949 270
63949 280
63949 2800
63949 28000
63949 290
63949 2900
63949 29000
63949 30
63949 300
63949 3000
63949 30000
63949 31
63949 31000
63949 320
63949 32000
63949 330
63949 34
63949 340
63949 3400
63949 35
63949 350
63949 36
63949 360
63949 3600
63949 36000
63949 37
63949 370
63949 37000
63949 380
63949 3800
63949 390
63949 400
63949 410
63949 420
63949 4200
63949 430
63949 4300
63949 440
63949 44000
63949 490
63949 4900
63949 50
63949 500
63949 51
63949 5100
63949 51000
63949 52
63949 520
63949 5200
63949 53
63949 530
63949 540
63949 54000
63949 550
63949 5500
63949 56
63949 57
63949 570
63949 5700
63949 580
63949 5800
63949 6
63949 6100
63949 6200
63949 62000
63949 63000
63949 640
63949 6500
63949 660
63949 6600
63949 670
63949 6700
63949 6800
63949 68000
63949 690
63949 6900
63949 69000
63949 700
63949 7000
63949 720
63949 7200
63949 730
63949 7400
63949 7500
63949 7600
63949 7900
63949 8000
63949 8100
63949 82
63949 820
63949 83
63949 840
63949 850
63949 880
63949 8800
63949 890
63949 9
63949 900
63949 91
63949 910
63949 9100
63949 92
63949 920
63949 930
63949 940
63949 950
63949 9600
63949 9700
63949 9800
63949 990
63997 3900
63997 4200
6400 9
64425 2000
64425 2100
64425 2200
64425 5400
6661 4000
6661 4200
6661 43000
6661 46000
6661 49000
6696 4700
6696 4800
6696 5000
6697 12000
6697 13000
6718 10000
6718 11000
6718 14000
6724 1
6724 1000
6724 11000
6724 12000
6724 130
6724 13000
6724 14000
6724 150
6724 15000
6724 16000
6724 1900
6724 19000
6724 20
6724 20000
6724 220
6724 230
6724 26
6724 2700
6724 290
6724 30000
6724 31000
6724 32000
6724 330
6724 33000
6724 34000
6724 36000
6724 37000
6724 390
6724 430
6724 440
6724 44000
6724 45000
6724 5700
6724 5800
6724 6100
6724 6600
6724 7000
6724 8300
6724 8400
6724 8500
6724 9000
6724 9100
6724 9800
6730 190
6730 32
6758 10
6758 20000
6758 2200
6758 2300
6758 23000
6758 27000
6758 8
6758 9
6772 35
6772 36
6799 1
680 1800
680 20
680 2000
680 31000
680 33000
680 37000
680 38000
680 4000
680 410
680 4200
680 4300
680 460
680 470
680 4800
680 4900
680 55000
680 56000
680 57000
680 77000
680 79000
680 8300
680 8400
680 8500
680 94
680 95
680 97
6830 10
6830 1400
6830 190
6830 20
6830 5000
6830 6200
6830 700
6830 710
6830 8200
6830 9300
6871 170
6871 180
6871 4100
6871 6
6871 620
6871 630
6871 7
6876 190
6876 200
6939 19000
6939 29000
6939 32000
6939 33000
6939 34000
6939 3500
6939 35000
6939 3600
6939 37000
6939 38000
6939 42000
6939 43000
6939 44000
6939 45000
6939 50000
6939 51000
6939 54000
6939 6200
6939 6300
6939 6400
6939 8400
6939 8700
6939 8800
6939 890
6939 8900
6939 9000
6939 9100
6939 920
6939 930
701 1
701 10
701 10000
701 1100
701 11000
701 12000
701 130
701 13000
701 1400
701 15
701 16000
701 17000
701 1800
701 19
701 1900
701 2100
701 240
701 2500
701 2600
701 280
701 290
701 2900
701 300
701 3000
701 310
701 31000
701 32000
701 330
701 3300
701 3400
701 34000
701 35
701 36
701 3600
701 36000
701 37
701 3900
701 4400
701 4500
701 4600
701 46000
701 47000
701 4800
701 48000
701 51000
701 55
701 56
701 560
701 5600
701 570
701 5700
701 6000
701 6700
701 6800
701 6900
701 7000
701 7100
701 7200
701 7500
701 7600
701 7700
701 800
701 810
701 87
701 9
701 90
701 9000
701 9100
701 9500
701 9600
701 9700
701 98
701 9800
701 99
7018 1600
7018 370
7018 6200
7018 6300
7018 6800
7029 10
7029 1900
7029 2000
7029 560
7029 570
719 20
7459 500
7459 510
7506 1700
7506 1800
7506 7200
7506 7400
7506 7500
7506 790
7506 800
7545 100
7545 110
7545 160
7545 260
7545 310
7545 320
7545 330
7545 340
7545 350
7545 410
7545 420
7545 500
7545 560
7545 570
7545 58
7545 59
7545 600
7545 61
7545 620
7545 680
7545 690
7552 3900
7562 13000
7684 410
7684 460
7684 600
7684 610
7684 850
7725 23000
7725 24000
7765 46
786 1400
7922 1200
7922 1300
7922 3900
7922 4100
7922 420
7922 4200
7922 430
7922 440
7992 1000
7992 990
803 15
803 16
803 6400
803 6500
803 6600
8047 510
8047 520
8100 27000
8100 28000
8100 5800
8100 6000
812 1200
812 1300
8151 1200
8151 1400
8151 1700
8151 1800
8151 2200
8151 510
8151 630
8151 640
8151 6500
8151 6800
8151 6900
8151 970
8251 17000
8283 3600
8283 4600
8283 4700
8283 6200
8283 6400
8283 6500
8283 6600
8283 7000
8283 7300
8283 7400
8283 7700
8339 380
8339 390
8339 410
8339 7500
8339 7700
8339 7800
8371 340
8371 350
8371 380
8412 10
8412 16000
8412 170
8412 200
8412 210
8412 240
8412 280
8412 290
8412 2900
8412 3300
8412 340
8412 620
8412 700
8412 92
8412 93
8422 160
8422 850
8422 860
8422 870
8422 880
8437 100
8437 110
8437 36
8437 37
8437 6100
8437 6200
8437 6400
8437 6500
8437 6600
8437 6700
8437 7000
8437 7200
8447 410
8447 430
8447 630
8447 670
8473 1100
8473 14000
8473 140000
8473 17000
8473 170000
8473 180
8473 18000
8473 1900
8473 20
8473 2100
8473 22000
8473 2600
8473 26000
8473 2700
8473 27000
8473 2800
8473 2900
8473 3000
8473 30000
8473 3100
8473 31000
8473 32000
8473 3300
8473 33000
8473 3400
8473 3500
8473 3600
8473 3700
8473 3800
8473 3900
8473 4000
8473 420
8473 430
8473 440
8473 46000
8473 47000
8473 49000
8473 5300
8473 5400
8473 55
8473 5500
8473 56
8473 5600
8473 5700
8473 6100
8473 61000
8473 62000
8473 63000
8473 64000
8473 850
8473 85000
8473 90000
8473 92000
852 11000
852 1400
852 1500
852 1600
852 1700
852 18000
852 19000
852 21000
852 22000
852 2400
852 2500
852 2600
852 2800
852 290
852 3500
852 3600
852 3700
852 37000
852 38000
852 7900
852 8600
852 8700
852 880
852 8800
852 890
852 930
852 9500
852 9600
8553 10
8560 10000
8560 11000
8560 110000
8560 12000
8560 120000
8560 13000
8560 130000
8560 14
8560 14000
8560 140000
8560 1500
8560 15000
8560 16000
8560 160000
8560 17000
8560 170000
8560 18000
8560 19000
8560 200
8560 20000
8560 200000
8560 2100
8560 2200
8560 22000
8560 2300
8560 23000
8560 2400
8560 24000
8560 25000
8560 26000
8560 2700
8560 27000
8560 28000
8560 2900
8560 29000
8560 3000
8560 30000
8560 31000
8560 3200
8560 32000
8560 3300
8560 33000
8560 3400
8560 34000
8560 3500
8560 35000
8560 3700
8560 37000
8560 38000
8560 3900
8560 39000
8560 4000
8560 40000
8560 41000
8560 42000
8560 4300
8560 43000
8560 44000
8560 450
8560 45000
8560 460
8560 4600
8560 4700
8560 48000
8560 49000
8560 5000
8560 50000
8560 51
8560 5100
8560 52
8560 5200
8560 5300
8560 53000
8560 5400
8560 54000
8560 55000
8560 5600
8560 56000
8560 5700
8560 57000
8560 5800
8560 58000
8560 59000
8560 6000
8560 60000
8560 6100
8560 61000
8560 6200
8560 6300
8560 63000
8560 64000
8560 650
8560 65000
8560 660
8560 66000
8560 670
8560 6700
8560 67000
8560 6800
8560 69000
8560 7000
8560 70000
8560 7100
8560 71000
8560 72000
8560 730
8560 7500
8560 75000
8560 7600
8560 76000
8560 7700
8560 7800
8560 7900
8560 79000
8560 8000
8560 8100
8560 8200
8560 82000
8560 83
8560 8300
8560 83000
8560 84
8560 8400
8560 8600
8560 8700
8560 9
8560 9200
8560 9400
8560 94000
8560 9500
8560 9900
8560 99000
8612 1100
8612 1400
8612 1800
8612 260
8612 270
8648 3500
8648 3600
8648 3800
8708 8500
8708 8600
8717 520
8717 530
8758 1100
8758 31000
8758 450
8758 460
8758 570
8758 90
8758 900
8758 91
8758 92
8758 93
8764 3300
8764 3400
8764 3500
8767 1700
8767 17000
8767 1800
8767 18000
8767 19000
8767 2600
8767 46
8767 47
8767 5800
8767 5900
8767 670
8788 140
8873 28000
8881 1
8881 1000
8881 1100
8881 120
8881 1200
8881 140
8881 150
8881 1500
8881 160
8881 1600
8881 1800
8881 2100
8881 2600
8881 27
8881 28
8881 280
8881 33
8881 360
8881 3700
8881 380
8881 4000
8881 4100
8881 4200
8881 4300
8881 4400
8881 4500
8881 460
8881 4600
8881 470
8881 4700
8881 4800
8881 4900
8881 5000
8881 510
8881 540
8881 5400
8881 550
8881 560
8881 570
8881 580
8881 5800
8881 6
8881 630
8881 640
8881 700
8881 710
8881 720
8881 74
8881 810
8881 940
8881 950
8881 990
8916 2700
8916 2800
8926 16000
8926 17000
8943 100
8943 110
8943 25000
8943 320
8943 330
8943 3500
8943 3700
8943 40000
8943 41000
8943 42000
8972 100000
8972 170
8972 180
8972 35000
8972 37000
8972 38000
8972 43000
8972 48000
8972 49000
8972 5600
8972 57000
8972 72000
8972 93000
8972 94000
8972 95000
9 1800
9002 1700
9008 14000
9008 15000
9008 16000
9009 1000
9009 12000
9009 1300
9009 13000
9009 1400
9009 14000
9009 150
9009 15000
9009 16
9009 17
9009 1700
9009 17000
9009 1800
9009 2000
9009 22
9009 2300
9009 24
9009 240
9009 24000
9009 250
9009 2600
9009 2700
9009 28
9009 300
9009 32
9009 33000
9009 34000
9009 35000
9009 400
9009 410
9009 42
9009 420
9009 43
9009 460
9009 470
9009 4700
9009 58
9009 59
9009 6000
9009 6100
9009 620
9009 6900
9009 7100
9009 720
9009 7200
9009 72000
9009 730
9009 7300
9009 750
9009 810
9009 8100
9009 8200
9009 8700
9009 9000
9009 9400
9031 1600
9031 190
9031 2000
9044 6800
9044 6900
9044 7000
9050 2300
9050 35000
9050 38000
9050 5800
9050 5900
9050 6000
9063 190
9063 220
9066 320
9105 190
9105 200
9123 3000
9125 350
9136 1600
9145 220
9145 2400
9145 2600
9145 2700
9145 2800
9145 2900
9145 3700
9145 3800
9145 390
9145 400
9145 4300
9145 4600
9268 310
9370 130
9370 140
9370 2900
9370 36
9370 37
9370 4800
9370 98
9370 99
9371 1400
9371 83
9371 87
9371 88
9381 1000
9381 940
9443 340
945 24000
9500 1
9534 19
9534 28
9534 47
9534 48
9790 760
9790 770
9924 200
