16276 288417900
212508 1730000
53667 51739400
51167 13343700
29222 1782000
60729 88040900
12876 33887620
46844 3536900
62744 12361700
36352 969900
47890 1837700
8473 4214000
208046 8993500
30798 240000
29802 16112800
24940 126257400
11572 5602000
8560 35102400
398355 3028000
56803 1118000
54548 4838300
197540 87953100
210644 6834500
59538 512000
210630 6445300
208942 1382000
51659 156900
56655 16287000
198093 4528000
25052 54400
208476 1616200
200651 6120600
9009 4635500
207992 5205000
3269 367300
39421 5420000
24961 19767200
60404 6516100
21409 748200
210558 50511700
55103 2878800
8758 53200
44925 4122600
23470 10371400
40676 23681100
41281 3564000
59253 33600
203020 532300
50613 356800
4224 14433600
50297 337000
39798 1960400
59711 1657100
30633 4308900
577 2889200
20766 1305000
13030 10246500
207143 1346000
1101 16341000
6724 3121700
207656 1606400
200019 1756700
34702 304000
24620 163000
203003 304000
141995 242100
31898 18553400
29075 3984000
9008 95300
202685 5915400
50266 2233000
47544 563000
51290 2726000
205100 20852000
393886 3588400
398101 1814000
16019 2431300
212238 312900
57860 1136000
43289 2145100
39287 192000
29066 689000
1239 477800
3242 272000
19504 130000
213230 2524500
400861 2609500
396507 3295800
52173 1144300
44901 662000
63473 222000
209 710500
2860 35200
1267 798200
63023 7177000
31103 1669900
54290 967600
8708 708000
49544 700000
35366 3633500
55286 8420000
61282 4680000
27005 231100
2027 3191000
51852 5294300
16591 1312700
26832 2196800
14061 1711900
49505 88800
35592 1806000
49674 602900
212663 1575600
50360 162300
28753 2146000
41436 102200
12824 1256000
396362 6369400
32097 2812800
41809 81600
39622 747000
3215 711500
211619 1656900
206804 900200
399532 2682700
16125 2424600
3209 652700
19437 14857400
1653 1621000
201814 8247000
202422 2083800
30836 484500
47447 60200
6696 402000
15796 68800
12637 105600
174 4722900
54913 99400
36007 439200
12350 690000
33387 2357100
209825 46400
48031 207000
8764 386000
203476 829900
62005 1208200
42237 1071800
52048 202300
200462 716200
400682 1731700
60781 5674500
39013 72300
701 5914500
39405 480000
44709 368100
27411 2948000
210731 4132000
48605 2470000
198930 101600
197922 354200
63949 2112900
212050 516000
29278 245000
29691 1324000
24800 581000
39608 190700
2116 1963400
49581 5591000
42675 2014600
15435 418000
202585 1655000
42730 7827500
3356 932100
21499 4824000
62838 47800
6718 1146300
51395 1433400
44133 1403200
26068 192000
33885 284900
10489 65400
30860 1851700
34224 1040000
12508 288000
40244 1411000
29695 59500
29134 315200
32133 13000
8648 36800
33915 177100
204770 753000
1103 3219000
3223 1763500
33705 4943000
29169 352000
5408 741500
8926 148300
44477 1148200
24589 105200
49981 4977000
201133 1717400
328364 70900
209641 435900
198156 286000
52423 45700
15704 226100
31371 106000
41075 725000
212520 5706000
25353 640000
33796 848000
199968 1215000
20860 1304000
200482 649000
39614 375000
34878 598000
398242 207100
46841 183000
397423 1318000
56630 1253000
24875 389000
56322 2103000
49770 91700
19148 306000
43513 1406900
29314 133000
3249 91200
3352 1033600
6871 75700
50673 803700
49532 3108000
208208 1105900
48374 259000
6939 1225100
198985 778200
209045 240000
2603 384000
29518 1229400
40021 413500
49447 298600
22639 60200
213373 793000
201011 70400
13213 721500
198161 108500
16075 52200
39375 54600
21211 47800
400771 710000
203363 844000
13124 85400
263812 57600
43350 1377000
204957 370300
10929 69100
44820 197600
3 83200
30083 1587000
20473 1889500
11403 641800
48900 95600
397444 36800
12552 208000
199246 387800
7832 208000
206238 398900
44489 139800
204779 192000
852 1400300
198203 656000
62240 2470000
42831 1085800
15626 1033800
1257 499300
197648 100800
36850 207900
47066 466400
30900 160000
60602 43600
9050 647400
50840 192000
278 101700
41634 694000
42487 355000
394380 3973000
1136 2270100
202329 406000
40994 468000
201682 996000
211301 476000
44716 750000
35434 36800
48101 35200
10242 396300
26347 233200
19045 44100
58073 601000
197422 1158000
48927 700900
199636 733000
210079 225000
32181 1075000
44066 409000
208626 176000
43847 856000
212531 694000
204641 133600
7018 84200
200918 582000
30722 73200
395089 2902000
3303 436400
57169 544000
46887 147200
35699 154200
11878 40300
208258 125700
12479 122600
60251 33500
200088 64100
46475 271100
209696 140800
34011 583800
21100 108700
60131 45600
58212 3259000
213354 446000
62248 79700
199087 362000
27176 2712400
8849 64300
3927 464000
57043 259200
41653 160000
13977 840000
56478 350000
42473 336000
30600 133600
398395 531000
399334 186500
47570 186700
211409 282000
49367 741800
3061 402000
5483 144400
8972 933000
48314 350600
51765 545300
46375 173300
59720 192000
203394 383000
42708 863000
42908 35200
24768 159900
14670 129200
399486 76400
13045 44400
207279 539000
41608 35200
207459 195000
47482 971000
63018 1403700
52677 19200
44869 448000
47610 448000
10996 356000
29580 251300
397270 38400
45037 131400
60036 283000
9 38400
56381 544000
8339 72000
1002 221000
20115 43000
136258 560200
14007 77300
553 548000
205399 57800
34971 92900
3790 54400
5089 36800
199950 183800
50304 276000
62563 677000
202425 548600
13037 412000
13188 78700
13022 224200
12161 432000
61272 410700
5617 176000
24872 384000
57811 100600
34087 208000
29551 1144000
60522 62700
212027 421000
56324 352000
20845 57900
400799 224000
31034 470000
559 1062000
680 1924800
45045 298200
202302 100800
22773 33800
27364 34600
209605 549000
27017 48000
8283 1500000
25512 288000
24953 605000
1403 30600
10961 86400
50979 95300
35041 300500
400304 65800
396089 113500
48874 102500
59729 585800
212477 544000
201308 192000
43588 36800
62183 155400
6181 86200
210226 746000
49409 1375000
53356 41500
199524 624000
200533 704000
21473 155400
41108 371100
35916 77500
60068 622000
11796 117300
208367 30400
396527 4150000
12083 81600
43557 945000
205235 104400
204196 256000
3842 51500
19969 208000
399122 4521000
6327 46700
43317 1267000
57494 46500
9044 192000
397715 54600
47172 683000
397373 1650000
42159 636000
13692 70400
57944 614300
1835 544000
12322 226000
204911 426000
35432 69300
207560 382000
35758 58100
16185 320000
200519 63200
35426 432000
24971 477400
203953 598000
786 72000
5378 208000
16086 221000
6128 60800
60118 160000
2119 618000
12731 184000
25596 240000
48550 46400
43902 390000
59684 41200
12093 1298000
7922 83600
54600 8400
6830 34900
35680 178000
61998 124500
58294 704000
803 49600
30764 122300
395348 1760000
204548 99700
23118 73600
1004 839000
8943 480000
15728 248000
15623 78400
59764 224000
395853 312000
206264 49600
33083 256000
211720 774000
34665 272000
44679 208000
22989 75200
20454 117000
200713 416000
1133 304000
60117 126000
945 86400
197566 206000
2033 496000
207083 656000
202759 208000
28855 140200
204615 789000
6730 163000
210083 675000
4760 41600
32338 384000
6661 76000
44176 727000
43150 324000
204151 61100
57707 614000
8829 192000
34288 9080
8218 32000
6315 79600
31027 118900
64396 99100
24651 97300
50968 437000
21412 260000
2614 224000
206446 361300
42927 434000
2202 62800
8881 55600
45007 195000
8873 208000
210329 105200
49855 288000
61098 83300
396982 120000
48926 452000
63199 23400
60571 404000
40138 159800
134351 50000
51262 48000
61157 334000
209582 101900
197019 80200
17547 40000
29119 516000
395965 70200
22612 92500
61323 78800
133398 421200
49042 81000
18978 6000
28573 8200
58061 140000
34927 48000
