16276 11293864
212508 1126000
4224 18531000
60729 116236420
1101 103868000
208323 35784000
62744 12361700
36352 861200
200651 10273680
47890 1865700
208046 5523803
30798 240000
56803 1255010
49770 113960
210644 6701716
56655 14185064
198093 4528000
60404 6792734
27176 3450500
53667 42613970
210558 31708800
55103 4700600
44925 1431203
210630 6205100
23470 3466400
41281 3564000
50613 356816
44477 3840
28573 150
20766 1305000
141995 416070
29075 3984000
9008 95300
202685 5659600
205100 20852000
197540 21155900
398101 1590900
29141 52800
57860 1136000
39287 201300
3242 272000
559 2108000
396507 3295800
44901 192000
31103 1457500
2027 2582000
48874 200838
400861 2008200
207656 1144500
50360 72000
208169 2957600
51852 4064400
51167 2999800
20473 47770
28753 640000
211619 1409816
206804 797600
399532 2682700
8473 971200
16019 1396700
51290 127000
40676 271500
43927 2690
45382 2071
43289 1454100
9009 601000
42237 258803
395517 8800
60781 1582690
39405 480000
210731 4132000
197922 240000
63949 1840335
212050 516000
29691 1324000
16509 70000
200019 72500
202585 1655000
15626 461800
6718 1146300
26068 192000
34224 594900
49367 192000
399820 315000
35470 28800
140787 4160
20860 1920
328364 94900
29802 17980
12876 2044500
17356 7000
42831 36600
59729 25600
13030 3188
46841 71000
208208 564800
41164 20800
48374 259000
6939 212111
24940 417812
198985 778200
40021 437600
49447 298600
137443 3490
36375 140800
3462 1760
29134 117110
13124 85400
263812 57600
43350 1377000
49581 643000
9381 2850
52423 33220
20845 484800
397444 36800
204779 192000
3352 247000
62240 320000
36850 207900
47066 246000
30836 1312
31898 384000
25820 334200
398355 1505000
41634 694000
8708 2913
131607 13920
39622 96400
44716 317000
212238 232000
197422 1158000
55720 4474
43847 856000
136052 9430
204641 133600
43513 177000
30860 1013000
6696 240000
58212 1073000
213354 446000
62248 79700
56322 811000
41653 160000
42473 608000
35366 705000
206264 422600
211409 282000
52048 288600
45250 17600
42908 35200
14670 129200
399486 76400
394256 18700
20904 320000
47482 971000
12337 15700
10996 356000
211857 12420
8560 657000
44592 603000
9 38400
13037 580
36236 110500
3790 54400
400799 16
12586 8650
202425 548600
38731 32
33837 9330
199118 2080
61138 17830
24961 247000
45045 173300
209605 288000
8283 1500000
49532 132800
10961 86400
396089 113500
201308 192000
174 400000
203476 46400
201133 56000
57494 15330
35916 77500
396527 4150000
12083 81600
201814 452000
205235 104400
45102 656
21499 944000
51395 55000
14061 23900
8151 58900
35758 58100
26527 1760
59711 192000
199968 309000
47447 336000
40065 10580
207709 16
60118 160000
44820 85500
58061 160000
12093 1298000
9050 529700
44486 522000
1004 839000
48900 2050
9066 6400
211720 774000
44679 208000
21409 24000
52173 25600
28855 140200
35661 14300
210083 675000
57707 614000
36149 789
34288 17770
3209 4000
8218 32000
50304 132800
6315 79600
50968 437000
680 510000
59444 1950
45007 195000
49855 288000
13022 72000
40138 159800
212477 96000
206446 183000
29066 22800
201146 131600
204601 10040
2119 1330
